Epsilon(kCal/mol) T(Kelvin) Cv(kCal/mol*Kelvin)
0.5 1.03 0.2579
0.5 1.06 0.2435
0.5 1.1 0.2282
0.5 1.13 0.214
0.5 1.17 0.201
0.5 1.2 0.1904
0.5 1.24 0.1813
0.5 1.28 0.1742
0.5 1.32 0.168
0.5 1.36 0.1628
0.5 1.4 0.1577
0.5 1.44 0.1527
0.5 1.49 0.1472
0.5 1.53 0.1413
0.5 1.58 0.1348
0.5 1.63 0.128
0.5 1.68 0.1207
0.5 1.73 0.1136
0.5 1.79 0.1062
0.5 1.84 0.0993
0.5 1.9 0.0925
0.5 1.96 0.0862
0.5 2.02 0.0802
0.5 2.08 0.0748
0.5 2.15 0.0697
0.5 2.21 0.0652
0.5 2.28 0.0608
0.5 2.35 0.0569
0.5 2.43 0.0532
0.5 2.5 0.0499
0.5 2.58 0.0467
0.5 2.66 0.0438
0.5 2.74 0.041
0.5 2.83 0.0384
0.5 2.92 0.036
0.5 3.01 0.0338
0.5 3.1 0.0316
0.5 3.2 0.0297
0.5 3.3 0.0278
0.5 3.4 0.0261
0.5 3.5 0.0245
0.5 3.61 0.0231
0.5 3.72 0.0217
0.5 3.84 0.0205
0.5 3.96 0.0193
0.5 4.08 0.0183
0.5 4.21 0.0173
0.5 4.34 0.0165
0.5 4.47 0.0157
0.5 4.61 0.015
0.5 4.76 0.0143
0.5 4.9 0.0137
0.5 5.06 0.0132
0.5 5.21 0.0127
0.5 5.37 0.0122
0.5 5.54 0.0119
0.5 5.71 0.0115
0.5 5.89 0.0112
0.5 6.07 0.0109
0.5 6.26 0.0107
0.5 6.46 0.0105
0.5 6.65 0.0103
0.5 6.86 0.0101
0.5 7.07 0.0099
0.5 7.3 0.0098
0.5 7.52 0.0097
0.5 7.76 0.0096
0.5 7.99 0.0095
0.5 8.25 0.0094
0.5 8.5 0.0094
0.5 8.77 0.0093
0.5 9.03 0.0093
0.5 9.32 0.0092
0.5 9.6 0.0091
0.5 9.91 0.0091
0.5 10.21 0.009
0.5 10.53 0.0089
0.5 10.85 0.0089
0.5 11.19 0.0088
0.5 11.54 0.0087
0.5 11.9 0.0086
0.5 12.26 0.0085
0.5 12.65 0.0083
0.5 13.04 0.0082
0.5 13.45 0.0081
0.5 13.86 0.0079
0.5 14.3 0.0078
0.5 14.73 0.0076
0.5 15.2 0.0074
0.5 15.66 0.0072
0.5 16.15 0.0071
0.5 16.65 0.0069
0.5 17.17 0.0067
0.5 17.7 0.0065
0.5 18.26 0.0063
0.5 18.81 0.006
0.5 19.41 0.0058
0.5 20.0 0.0056
0.5 20.63 0.0054
0.5 21.26 0.0052
0.75 1.03 0.4568
0.75 1.06 0.4459
0.75 1.1 0.4241
0.75 1.13 0.4003
0.75 1.17 0.3786
0.75 1.2 0.3626
0.75 1.24 0.3511
0.75 1.28 0.3431
0.75 1.32 0.336
0.75 1.36 0.3283
0.75 1.4 0.3181
0.75 1.44 0.3053
0.75 1.49 0.2893
0.75 1.53 0.2716
0.75 1.58 0.252
0.75 1.63 0.2326
0.75 1.68 0.2132
0.75 1.73 0.1954
0.75 1.79 0.1787
0.75 1.84 0.1642
0.75 1.9 0.1512
0.75 1.96 0.1405
0.75 2.02 0.1313
0.75 2.08 0.124
0.75 2.15 0.1181
0.75 2.21 0.1138
0.75 2.28 0.1106
0.75 2.35 0.1085
0.75 2.43 0.1072
0.75 2.5 0.1064
0.75 2.58 0.106
0.75 2.66 0.1057
0.75 2.74 0.1053
0.75 2.83 0.1047
0.75 2.92 0.1036
0.75 3.01 0.1019
0.75 3.1 0.0995
0.75 3.2 0.0965
0.75 3.3 0.0928
0.75 3.4 0.0886
0.75 3.5 0.0838
0.75 3.61 0.0789
0.75 3.72 0.0736
0.75 3.84 0.0684
0.75 3.96 0.063
0.75 4.08 0.058
0.75 4.21 0.053
0.75 4.34 0.0485
0.75 4.47 0.0441
0.75 4.61 0.0402
0.75 4.76 0.0365
0.75 4.9 0.0332
0.75 5.06 0.0302
0.75 5.21 0.0275
0.75 5.37 0.0251
0.75 5.54 0.023
0.75 5.71 0.0211
0.75 5.89 0.0194
0.75 6.07 0.0179
0.75 6.26 0.0166
0.75 6.46 0.0154
0.75 6.65 0.0144
0.75 6.86 0.0135
0.75 7.07 0.0127
0.75 7.3 0.012
0.75 7.52 0.0114
0.75 7.76 0.0109
0.75 7.99 0.0105
0.75 8.25 0.01
0.75 8.5 0.0097
0.75 8.77 0.0094
0.75 9.03 0.0091
0.75 9.32 0.0089
0.75 9.6 0.0087
0.75 9.91 0.0086
0.75 10.21 0.0084
0.75 10.53 0.0083
0.75 10.85 0.0082
0.75 11.19 0.0082
0.75 11.54 0.0082
0.75 11.9 0.0081
0.75 12.26 0.0081
0.75 12.65 0.0082
0.75 13.04 0.0082
0.75 13.45 0.0083
0.75 13.86 0.0083
0.75 14.3 0.0084
0.75 14.73 0.0085
0.75 15.2 0.0086
0.75 15.66 0.0087
0.75 16.15 0.0088
0.75 16.65 0.009
0.75 17.17 0.0091
0.75 17.7 0.0092
0.75 18.26 0.0093
0.75 18.81 0.0094
0.75 19.41 0.0095
0.75 20.0 0.0096
0.75 20.63 0.0097
0.75 21.26 0.0097
1.0 1.03 0.2426
1.0 1.06 0.2733
1.0 1.1 0.3018
1.0 1.13 0.3231
1.0 1.17 0.3355
1.0 1.2 0.3366
1.0 1.24 0.3266
1.0 1.28 0.308
1.0 1.32 0.2829
1.0 1.36 0.2565
1.0 1.4 0.2302
1.0 1.44 0.2077
1.0 1.49 0.189
1.0 1.53 0.1756
1.0 1.58 0.1665
1.0 1.63 0.162
1.0 1.68 0.161
1.0 1.73 0.1628
1.0 1.79 0.1667
1.0 1.84 0.1715
1.0 1.9 0.1765
1.0 1.96 0.1806
1.0 2.02 0.1833
1.0 2.08 0.1838
1.0 2.15 0.1821
1.0 2.21 0.1782
1.0 2.28 0.1721
1.0 2.35 0.1646
1.0 2.43 0.1558
1.0 2.5 0.1466
1.0 2.58 0.137
1.0 2.66 0.1278
1.0 2.74 0.1187
1.0 2.83 0.1105
1.0 2.92 0.1027
1.0 3.01 0.0959
1.0 3.1 0.0896
1.0 3.2 0.0842
1.0 3.3 0.0794
1.0 3.4 0.0753
1.0 3.5 0.0718
1.0 3.61 0.069
1.0 3.72 0.0667
1.0 3.84 0.0651
1.0 3.96 0.064
1.0 4.08 0.0635
1.0 4.21 0.0637
1.0 4.34 0.0644
1.0 4.47 0.0659
1.0 4.61 0.068
1.0 4.76 0.0708
1.0 4.9 0.0741
1.0 5.06 0.0782
1.0 5.21 0.0825
1.0 5.37 0.0873
1.0 5.54 0.0919
1.0 5.71 0.0963
1.0 5.89 0.1
1.0 6.07 0.1029
1.0 6.26 0.1044
1.0 6.46 0.1046
1.0 6.65 0.1032
1.0 6.86 0.1003
1.0 7.07 0.0961
1.0 7.3 0.0907
1.0 7.52 0.0846
1.0 7.76 0.0778
1.0 7.99 0.071
1.0 8.25 0.064
1.0 8.5 0.0575
1.0 8.77 0.0511
1.0 9.03 0.0454
1.0 9.32 0.0401
1.0 9.6 0.0355
1.0 9.91 0.0313
1.0 10.21 0.0277
1.0 10.53 0.0245
1.0 10.85 0.0218
1.0 11.19 0.0195
1.0 11.54 0.0175
1.0 11.9 0.0158
1.0 12.26 0.0144
1.0 12.65 0.0132
1.0 13.04 0.0122
1.0 13.45 0.0113
1.0 13.86 0.0107
1.0 14.3 0.0101
1.0 14.73 0.0097
1.0 15.2 0.0093
1.0 15.66 0.0091
1.0 16.15 0.0089
1.0 16.65 0.0087
1.0 17.17 0.0087
1.0 17.7 0.0086
1.0 18.26 0.0086
1.0 18.81 0.0086
1.0 19.41 0.0086
1.0 20.0 0.0086
1.0 20.63 0.0086
1.0 21.26 0.0086
1.25 1.03 0.4879
1.25 1.06 0.5551
1.25 1.1 0.5905
1.25 1.13 0.5849
1.25 1.17 0.545
1.25 1.2 0.4885
1.25 1.24 0.4278
1.25 1.28 0.3759
1.25 1.32 0.3331
1.25 1.36 0.3017
1.25 1.4 0.278
1.25 1.44 0.2618
1.25 1.49 0.2508
1.25 1.53 0.245
1.25 1.58 0.2439
1.25 1.63 0.2472
1.25 1.68 0.2547
1.25 1.73 0.2649
1.25 1.79 0.2771
1.25 1.84 0.2886
1.25 1.9 0.298
1.25 1.96 0.3028
1.25 2.02 0.3019
1.25 2.08 0.295
1.25 2.15 0.2823
1.25 2.21 0.2658
1.25 2.28 0.2462
1.25 2.35 0.2262
1.25 2.43 0.2059
1.25 2.5 0.1874
1.25 2.58 0.17
1.25 2.66 0.1551
1.25 2.74 0.1416
1.25 2.83 0.1303
1.25 2.92 0.1204
1.25 3.01 0.1122
1.25 3.1 0.105
1.25 3.2 0.0993
1.25 3.3 0.0943
1.25 3.4 0.0904
1.25 3.5 0.0871
1.25 3.61 0.0847
1.25 3.72 0.0828
1.25 3.84 0.0815
1.25 3.96 0.0807
1.25 4.08 0.0804
1.25 4.21 0.0805
1.25 4.34 0.081
1.25 4.47 0.0821
1.25 4.61 0.0835
1.25 4.76 0.0856
1.25 4.9 0.0882
1.25 5.06 0.0917
1.25 5.21 0.0959
1.25 5.37 0.1012
1.25 5.54 0.1074
1.25 5.71 0.1149
1.25 5.89 0.123
1.25 6.07 0.132
1.25 6.26 0.1408
1.25 6.46 0.1493
1.25 6.65 0.1562
1.25 6.86 0.1609
1.25 7.07 0.1626
1.25 7.3 0.1609
1.25 7.52 0.1559
1.25 7.76 0.1475
1.25 7.99 0.1371
1.25 8.25 0.1247
1.25 8.5 0.1118
1.25 8.77 0.0986
1.25 9.03 0.0863
1.25 9.32 0.0745
1.25 9.6 0.0642
1.25 9.91 0.0549
1.25 10.21 0.047
1.25 10.53 0.0401
1.25 10.85 0.0344
1.25 11.19 0.0294
1.25 11.54 0.0254
1.25 11.9 0.0219
1.25 12.26 0.0191
1.25 12.65 0.0167
1.25 13.04 0.0147
1.25 13.45 0.013
1.25 13.86 0.0117
1.25 14.3 0.0106
1.25 14.73 0.0096
1.25 15.2 0.0088
1.25 15.66 0.0082
1.25 16.15 0.0076
1.25 16.65 0.0072
1.25 17.17 0.0068
1.25 17.7 0.0065
1.25 18.26 0.0062
1.25 18.81 0.006
1.25 19.41 0.0058
1.25 20.0 0.0056
1.25 20.63 0.0055
1.25 21.26 0.0053
1.5 1.03 2.8733
1.5 1.06 2.3126
1.5 1.1 1.3913
1.5 1.13 0.8378
1.5 1.17 0.5937
1.5 1.2 0.5172
1.5 1.24 0.5086
1.5 1.28 0.5273
1.5 1.32 0.5538
1.5 1.36 0.5746
1.5 1.4 0.5827
1.5 1.44 0.5745
1.5 1.49 0.5528
1.5 1.53 0.528
1.5 1.58 0.5111
1.5 1.63 0.5149
1.5 1.68 0.5488
1.5 1.73 0.6122
1.5 1.79 0.6973
1.5 1.84 0.7717
1.5 1.9 0.8044
1.5 1.96 0.7728
1.5 2.02 0.6843
1.5 2.08 0.5733
1.5 2.15 0.4624
1.5 2.21 0.3732
1.5 2.28 0.3038
1.5 2.35 0.2559
1.5 2.43 0.2219
1.5 2.5 0.2
1.5 2.58 0.1856
1.5 2.66 0.1772
1.5 2.74 0.1724
1.5 2.83 0.17
1.5 2.92 0.1688
1.5 3.01 0.168
1.5 3.1 0.1667
1.5 3.2 0.1646
1.5 3.3 0.1616
1.5 3.4 0.1578
1.5 3.5 0.1534
1.5 3.61 0.149
1.5 3.72 0.1449
1.5 3.84 0.1419
1.5 3.96 0.1403
1.5 4.08 0.1406
1.5 4.21 0.1431
1.5 4.34 0.1477
1.5 4.47 0.1543
1.5 4.61 0.1622
1.5 4.76 0.1707
1.5 4.9 0.1783
1.5 5.06 0.184
1.5 5.21 0.1865
1.5 5.37 0.1849
1.5 5.54 0.179
1.5 5.71 0.169
1.5 5.89 0.1562
1.5 6.07 0.1409
1.5 6.26 0.1252
1.5 6.46 0.1091
1.5 6.65 0.0944
1.5 6.86 0.0806
1.5 7.07 0.0688
1.5 7.3 0.0582
1.5 7.52 0.0496
1.5 7.76 0.0421
1.5 7.99 0.0361
1.5 8.25 0.031
1.5 8.5 0.027
1.5 8.77 0.0236
1.5 9.03 0.0209
1.5 9.32 0.0187
1.5 9.6 0.017
1.5 9.91 0.0157
1.5 10.21 0.0146
1.5 10.53 0.0138
1.5 10.85 0.0132
1.5 11.19 0.0128
1.5 11.54 0.0125
1.5 11.9 0.0124
1.5 12.26 0.0123
1.5 12.65 0.0124
1.5 13.04 0.0126
1.5 13.45 0.0128
1.5 13.86 0.0131
1.5 14.3 0.0134
1.5 14.73 0.0138
1.5 15.2 0.0143
1.5 15.66 0.0147
1.5 16.15 0.0152
1.5 16.65 0.0158
1.5 17.17 0.0163
1.5 17.7 0.0168
1.5 18.26 0.0174
1.5 18.81 0.0179
1.5 19.41 0.0184
1.5 20.0 0.0188
1.5 20.63 0.0192
1.5 21.26 0.0196
1.75 1.03 0.2873
1.75 1.06 0.2749
1.75 1.1 0.2618
1.75 1.13 0.2483
1.75 1.17 0.2336
1.75 1.2 0.2183
1.75 1.24 0.2018
1.75 1.28 0.1854
1.75 1.32 0.1687
1.75 1.36 0.1532
1.75 1.4 0.1384
1.75 1.44 0.1253
1.75 1.49 0.1134
1.75 1.53 0.1032
1.75 1.58 0.0942
1.75 1.63 0.0867
1.75 1.68 0.0801
1.75 1.73 0.0746
1.75 1.79 0.0699
1.75 1.84 0.066
1.75 1.9 0.0626
1.75 1.96 0.0598
1.75 2.02 0.0574
1.75 2.08 0.0554
1.75 2.15 0.0537
1.75 2.21 0.0523
1.75 2.28 0.0511
1.75 2.35 0.0501
1.75 2.43 0.0493
1.75 2.5 0.0485
1.75 2.58 0.0478
1.75 2.66 0.0472
1.75 2.74 0.0465
1.75 2.83 0.0459
1.75 2.92 0.0451
1.75 3.01 0.0443
1.75 3.1 0.0434
1.75 3.2 0.0424
1.75 3.3 0.0412
1.75 3.4 0.04
1.75 3.5 0.0387
1.75 3.61 0.0373
1.75 3.72 0.0358
1.75 3.84 0.0342
1.75 3.96 0.0326
1.75 4.08 0.0311
1.75 4.21 0.0294
1.75 4.34 0.0279
1.75 4.47 0.0263
1.75 4.61 0.0248
1.75 4.76 0.0233
1.75 4.9 0.0219
1.75 5.06 0.0205
1.75 5.21 0.0193
1.75 5.37 0.0181
1.75 5.54 0.017
1.75 5.71 0.016
1.75 5.89 0.0151
1.75 6.07 0.0142
1.75 6.26 0.0135
1.75 6.46 0.0128
1.75 6.65 0.0122
1.75 6.86 0.0116
1.75 7.07 0.0111
1.75 7.3 0.0107
1.75 7.52 0.0103
1.75 7.76 0.01
1.75 7.99 0.0097
1.75 8.25 0.0095
1.75 8.5 0.0093
1.75 8.77 0.0092
1.75 9.03 0.009
1.75 9.32 0.0089
1.75 9.6 0.0089
1.75 9.91 0.0088
1.75 10.21 0.0088
1.75 10.53 0.0087
1.75 10.85 0.0087
1.75 11.19 0.0087
1.75 11.54 0.0087
1.75 11.9 0.0086
1.75 12.26 0.0086
1.75 12.65 0.0086
1.75 13.04 0.0086
1.75 13.45 0.0085
1.75 13.86 0.0085
1.75 14.3 0.0084
1.75 14.73 0.0084
1.75 15.2 0.0083
1.75 15.66 0.0082
1.75 16.15 0.0081
1.75 16.65 0.0079
1.75 17.17 0.0078
1.75 17.7 0.0077
1.75 18.26 0.0075
1.75 18.81 0.0073
1.75 19.41 0.0072
1.75 20.0 0.007
1.75 20.63 0.0068
1.75 21.26 0.0066
2.0 1.03 1.2854
2.0 1.06 1.0726
2.0 1.1 0.8619
2.0 1.13 0.7224
2.0 1.17 0.6398
2.0 1.2 0.5977
2.0 1.24 0.5745
2.0 1.28 0.5596
2.0 1.32 0.5439
2.0 1.36 0.524
2.0 1.4 0.4971
2.0 1.44 0.4655
2.0 1.49 0.4296
2.0 1.53 0.3944
2.0 1.58 0.3601
2.0 1.63 0.3302
2.0 1.68 0.3035
2.0 1.73 0.2814
2.0 1.79 0.2619
2.0 1.84 0.2455
2.0 1.9 0.2305
2.0 1.96 0.2174
2.0 2.02 0.205
2.0 2.08 0.1939
2.0 2.15 0.1834
2.0 2.21 0.1742
2.0 2.28 0.1657
2.0 2.35 0.1583
2.0 2.43 0.1516
2.0 2.5 0.146
2.0 2.58 0.141
2.0 2.66 0.1368
2.0 2.74 0.133
2.0 2.83 0.1298
2.0 2.92 0.1269
2.0 3.01 0.1243
2.0 3.1 0.1219
2.0 3.2 0.1198
2.0 3.3 0.1178
2.0 3.4 0.1159
2.0 3.5 0.1142
2.0 3.61 0.1125
2.0 3.72 0.1109
2.0 3.84 0.1092
2.0 3.96 0.1074
2.0 4.08 0.1055
2.0 4.21 0.1032
2.0 4.34 0.1006
2.0 4.47 0.0975
2.0 4.61 0.0941
2.0 4.76 0.0901
2.0 4.9 0.0859
2.0 5.06 0.0812
2.0 5.21 0.0763
2.0 5.37 0.0712
2.0 5.54 0.0662
2.0 5.71 0.0611
2.0 5.89 0.0563
2.0 6.07 0.0515
2.0 6.26 0.0472
2.0 6.46 0.0431
2.0 6.65 0.0393
2.0 6.86 0.0359
2.0 7.07 0.0328
2.0 7.3 0.03
2.0 7.52 0.0276
2.0 7.76 0.0253
2.0 7.99 0.0235
2.0 8.25 0.0218
2.0 8.5 0.0203
2.0 8.77 0.019
2.0 9.03 0.018
2.0 9.32 0.017
2.0 9.6 0.0162
2.0 9.91 0.0155
2.0 10.21 0.015
2.0 10.53 0.0144
2.0 10.85 0.014
2.0 11.19 0.0136
2.0 11.54 0.0133
2.0 11.9 0.0131
2.0 12.26 0.0128
2.0 12.65 0.0126
2.0 13.04 0.0124
2.0 13.45 0.0122
2.0 13.86 0.012
2.0 14.3 0.0118
2.0 14.73 0.0116
2.0 15.2 0.0114
2.0 15.66 0.0112
2.0 16.15 0.011
2.0 16.65 0.0108
2.0 17.17 0.0106
2.0 17.7 0.0103
2.0 18.26 0.0101
2.0 18.81 0.0098
2.0 19.41 0.0096
2.0 20.0 0.0093
2.0 20.63 0.009
2.0 21.26 0.0087
2.25 1.03 3.7896
2.25 1.06 3.7932
2.25 1.1 3.2283
2.25 1.13 2.5907
2.25 1.17 2.2749
2.25 1.2 2.2064
2.25 1.24 2.0971
2.25 1.28 1.8776
2.25 1.32 1.6137
2.25 1.36 1.3789
2.25 1.4 1.1683
2.25 1.44 0.9915
2.25 1.49 0.838
2.25 1.53 0.7203
2.25 1.58 0.6347
2.25 1.63 0.5886
2.25 1.68 0.5788
2.25 1.73 0.5999
2.25 1.79 0.639
2.25 1.84 0.6721
2.25 1.9 0.679
2.25 1.96 0.6499
2.25 2.02 0.5915
2.25 2.08 0.5264
2.25 2.15 0.4703
2.25 2.21 0.4378
2.25 2.28 0.4304
2.25 2.35 0.4454
2.25 2.43 0.4756
2.25 2.5 0.5077
2.25 2.58 0.5302
2.25 2.66 0.5316
2.25 2.74 0.5084
2.25 2.83 0.4661
2.25 2.92 0.4113
2.25 3.01 0.3564
2.25 3.1 0.3046
2.25 3.2 0.2621
2.25 3.3 0.2269
2.25 3.4 0.2003
2.25 3.5 0.1794
2.25 3.61 0.1642
2.25 3.72 0.1527
2.25 3.84 0.1448
2.25 3.96 0.1394
2.25 4.08 0.1362
2.25 4.21 0.1348
2.25 4.34 0.1349
2.25 4.47 0.1362
2.25 4.61 0.1383
2.25 4.76 0.1412
2.25 4.9 0.1444
2.25 5.06 0.1479
2.25 5.21 0.1515
2.25 5.37 0.1555
2.25 5.54 0.1598
2.25 5.71 0.1653
2.25 5.89 0.1722
2.25 6.07 0.1814
2.25 6.26 0.1929
2.25 6.46 0.2073
2.25 6.65 0.2227
2.25 6.86 0.2385
2.25 7.07 0.2511
2.25 7.3 0.2584
2.25 7.52 0.2578
2.25 7.76 0.2481
2.25 7.99 0.2308
2.25 8.25 0.2068
2.25 8.5 0.1804
2.25 8.77 0.1526
2.25 9.03 0.1271
2.25 9.32 0.1037
2.25 9.6 0.0842
2.25 9.91 0.0674
2.25 10.21 0.0542
2.25 10.53 0.0433
2.25 10.85 0.0349
2.25 11.19 0.028
2.25 11.54 0.0227
2.25 11.9 0.0185
2.25 12.26 0.0152
2.25 12.65 0.0126
2.25 13.04 0.0105
2.25 13.45 0.0089
2.25 13.86 0.0076
2.25 14.3 0.0065
2.25 14.73 0.0057
2.25 15.2 0.005
2.25 15.66 0.0044
2.25 16.15 0.0039
2.25 16.65 0.0035
2.25 17.17 0.0032
2.25 17.7 0.0029
2.25 18.26 0.0027
2.25 18.81 0.0025
2.25 19.41 0.0023
2.25 20.0 0.0022
2.25 20.63 0.002
2.25 21.26 0.0019
2.5 1.03 0.7259
2.5 1.06 0.705
2.5 1.1 0.6681
2.5 1.13 0.622
2.5 1.17 0.5663
2.5 1.2 0.5072
2.5 1.24 0.4455
2.5 1.28 0.3889
2.5 1.32 0.3371
2.5 1.36 0.2947
2.5 1.4 0.2589
2.5 1.44 0.2314
2.5 1.49 0.2092
2.5 1.53 0.1927
2.5 1.58 0.1798
2.5 1.63 0.1706
2.5 1.68 0.1637
2.5 1.73 0.1592
2.5 1.79 0.1561
2.5 1.84 0.1543
2.5 1.9 0.1533
2.5 1.96 0.1528
2.5 2.02 0.1524
2.5 2.08 0.1518
2.5 2.15 0.1509
2.5 2.21 0.1494
2.5 2.28 0.1471
2.5 2.35 0.1441
2.5 2.43 0.1403
2.5 2.5 0.1358
2.5 2.58 0.1304
2.5 2.66 0.1245
2.5 2.74 0.1179
2.5 2.83 0.1111
2.5 2.92 0.1039
2.5 3.01 0.0967
2.5 3.1 0.0893
2.5 3.2 0.0822
2.5 3.3 0.0752
2.5 3.4 0.0687
2.5 3.5 0.0624
2.5 3.61 0.0568
2.5 3.72 0.0514
2.5 3.84 0.0467
2.5 3.96 0.0423
2.5 4.08 0.0386
2.5 4.21 0.0351
2.5 4.34 0.0321
2.5 4.47 0.0295
2.5 4.61 0.0272
2.5 4.76 0.0252
2.5 4.9 0.0236
2.5 5.06 0.0221
2.5 5.21 0.0209
2.5 5.37 0.0199
2.5 5.54 0.0191
2.5 5.71 0.0184
2.5 5.89 0.0178
2.5 6.07 0.0174
2.5 6.26 0.0171
2.5 6.46 0.0169
2.5 6.65 0.0168
2.5 6.86 0.0167
2.5 7.07 0.0167
2.5 7.3 0.0168
2.5 7.52 0.0169
2.5 7.76 0.0171
2.5 7.99 0.0173
2.5 8.25 0.0175
2.5 8.5 0.0178
2.5 8.77 0.0181
2.5 9.03 0.0184
2.5 9.32 0.0187
2.5 9.6 0.0191
2.5 9.91 0.0194
2.5 10.21 0.0198
2.5 10.53 0.0202
2.5 10.85 0.0205
2.5 11.19 0.0209
2.5 11.54 0.0213
2.5 11.9 0.0217
2.5 12.26 0.0221
2.5 12.65 0.0224
2.5 13.04 0.0228
2.5 13.45 0.0232
2.5 13.86 0.0236
2.5 14.3 0.024
2.5 14.73 0.0246
2.5 15.2 0.0253
2.5 15.66 0.0263
2.5 16.15 0.0277
2.5 16.65 0.0298
2.5 17.17 0.0329
2.5 17.7 0.0372
2.5 18.26 0.0436
2.5 18.81 0.0521
2.5 19.41 0.0641
2.5 20.0 0.0793
2.5 20.63 0.099
2.5 21.26 0.1218
2.75 1.03 0.7261
2.75 1.06 0.8083
2.75 1.1 0.9346
2.75 1.13 1.0393
2.75 1.17 1.0479
2.75 1.2 0.9392
2.75 1.24 0.7662
2.75 1.28 0.6111
2.75 1.32 0.5001
2.75 1.36 0.439
2.75 1.4 0.4086
2.75 1.44 0.3948
2.75 1.49 0.3845
2.75 1.53 0.3723
2.75 1.58 0.3559
2.75 1.63 0.3383
2.75 1.68 0.3219
2.75 1.73 0.311
2.75 1.79 0.307
2.75 1.84 0.3107
2.75 1.9 0.3213
2.75 1.96 0.3359
2.75 2.02 0.3517
2.75 2.08 0.3639
2.75 2.15 0.3693
2.75 2.21 0.3655
2.75 2.28 0.3518
2.75 2.35 0.3308
2.75 2.43 0.304
2.75 2.5 0.2759
2.75 2.58 0.2476
2.75 2.66 0.2223
2.75 2.74 0.1994
2.75 2.83 0.1804
2.75 2.92 0.1639
2.75 3.01 0.1507
2.75 3.1 0.1394
2.75 3.2 0.1302
2.75 3.3 0.1224
2.75 3.4 0.1159
2.75 3.5 0.1102
2.75 3.61 0.1055
2.75 3.72 0.1012
2.75 3.84 0.0977
2.75 3.96 0.0944
2.75 4.08 0.0917
2.75 4.21 0.0893
2.75 4.34 0.0874
2.75 4.47 0.0857
2.75 4.61 0.0845
2.75 4.76 0.0836
2.75 4.9 0.0832
2.75 5.06 0.0833
2.75 5.21 0.0839
2.75 5.37 0.0852
2.75 5.54 0.0871
2.75 5.71 0.0899
2.75 5.89 0.0934
2.75 6.07 0.0978
2.75 6.26 0.1027
2.75 6.46 0.1081
2.75 6.65 0.1134
2.75 6.86 0.1184
2.75 7.07 0.1223
2.75 7.3 0.125
2.75 7.52 0.1258
2.75 7.76 0.1245
2.75 7.99 0.1211
2.75 8.25 0.1156
2.75 8.5 0.1087
2.75 8.77 0.1004
2.75 9.03 0.0915
2.75 9.32 0.0822
2.75 9.6 0.0732
2.75 9.91 0.0644
2.75 10.21 0.0565
2.75 10.53 0.049
2.75 10.85 0.0426
2.75 11.19 0.0367
2.75 11.54 0.0318
2.75 11.9 0.0274
2.75 12.26 0.0237
2.75 12.65 0.0205
2.75 13.04 0.0178
2.75 13.45 0.0155
2.75 13.86 0.0135
2.75 14.3 0.0118
2.75 14.73 0.0104
2.75 15.2 0.0092
2.75 15.66 0.0082
2.75 16.15 0.0073
2.75 16.65 0.0065
2.75 17.17 0.0058
2.75 17.7 0.0053
2.75 18.26 0.0048
2.75 18.81 0.0043
2.75 19.41 0.0039
2.75 20.0 0.0036
2.75 20.63 0.0033
2.75 21.26 0.003
3.0 1.03 1.7586
3.0 1.06 1.88
3.0 1.1 1.8776
3.0 1.13 1.7794
3.0 1.17 1.6218
3.0 1.2 1.4291
3.0 1.24 1.1968
3.0 1.28 0.9697
3.0 1.32 0.7753
3.0 1.36 0.648
3.0 1.4 0.582
3.0 1.44 0.5709
3.0 1.49 0.5969
3.0 1.53 0.6385
3.0 1.58 0.678
3.0 1.63 0.6996
3.0 1.68 0.7014
3.0 1.73 0.6878
3.0 1.79 0.6645
3.0 1.84 0.6368
3.0 1.9 0.6062
3.0 1.96 0.5783
3.0 2.02 0.5558
3.0 2.08 0.5417
3.0 2.15 0.5323
3.0 2.21 0.521
3.0 2.28 0.4993
3.0 2.35 0.4647
3.0 2.43 0.4168
3.0 2.5 0.3645
3.0 2.58 0.3115
3.0 2.66 0.266
3.0 2.74 0.2273
3.0 2.83 0.1979
3.0 2.92 0.175
3.0 3.01 0.1584
3.0 3.1 0.1455
3.0 3.2 0.1359
3.0 3.3 0.128
3.0 3.4 0.1218
3.0 3.5 0.1165
3.0 3.61 0.1121
3.0 3.72 0.1084
3.0 3.84 0.1055
3.0 3.96 0.1033
3.0 4.08 0.1021
3.0 4.21 0.1016
3.0 4.34 0.1021
3.0 4.47 0.1035
3.0 4.61 0.1057
3.0 4.76 0.1089
3.0 4.9 0.1128
3.0 5.06 0.1178
3.0 5.21 0.1237
3.0 5.37 0.1309
3.0 5.54 0.1393
3.0 5.71 0.1495
3.0 5.89 0.1611
3.0 6.07 0.1744
3.0 6.26 0.1882
3.0 6.46 0.2022
3.0 6.65 0.2139
3.0 6.86 0.2223
3.0 7.07 0.2252
3.0 7.3 0.2219
3.0 7.52 0.2123
3.0 7.76 0.1967
3.0 7.99 0.1778
3.0 8.25 0.1562
3.0 8.5 0.135
3.0 8.77 0.1141
3.0 9.03 0.0957
3.0 9.32 0.0791
3.0 9.6 0.0653
3.0 9.91 0.0535
3.0 10.21 0.0439
3.0 10.53 0.0359
3.0 10.85 0.0296
3.0 11.19 0.0242
3.0 11.54 0.0201
3.0 11.9 0.0166
3.0 12.26 0.0138
3.0 12.65 0.0115
3.0 13.04 0.0097
3.0 13.45 0.0082
3.0 13.86 0.0069
3.0 14.3 0.0059
3.0 14.73 0.005
3.0 15.2 0.0043
3.0 15.66 0.0037
3.0 16.15 0.0032
3.0 16.65 0.0028
3.0 17.17 0.0024
3.0 17.7 0.0021
3.0 18.26 0.0019
3.0 18.81 0.0017
3.0 19.41 0.0015
3.0 20.0 0.0013
3.0 20.63 0.0012
3.0 21.26 0.001
