#"Step","Potential Energy (kJ/mole)","Kinetic Energy (kJ/mole)","Total Energy (kJ/mole)","Temperature (K)"
1,-32.16765691234567,0.41754365423670714,-31.750113258108964,3.0435696434066224
2,-32.17337827417545,0.9006169650189719,-31.272761309156476,6.564799697601947
3,-32.17662189838885,1.6884231677520605,-30.488198730636793,12.307296366385188
4,-32.18036481955821,2.4811571649648063,-29.6992076545934,18.085712837888572
5,-32.18329171714017,3.1199853572687877,-29.063306359871383,22.742275268475733
6,-32.18655564325336,3.533549746416762,-28.653005896836596,25.756839153312573
7,-32.18807757395816,3.6158640951177254,-28.572213478840435,26.35684696179196
8,-32.192663140848936,4.936431189044439,-27.256231951804498,35.982757638136526
9,-32.198940037745714,5.172626436329734,-27.02631360141598,37.70443793972941
10,-32.20228990935282,4.40159992578035,-27.80068998357247,32.08425222271811
11,-32.20797890024808,4.119177139613348,-28.08880176063473,30.025608988981144
12,-32.2166475933719,4.6835078259061484,-27.533139767465755,34.13914233625096
13,-32.22781656020873,5.527824664969456,-26.699991895239272,40.293557748186124
14,-32.239985416626325,6.109366284949187,-26.130619131677136,44.53254546357462
15,-32.250780676097946,6.221857588597993,-26.028923087499955,45.35251988650921
16,-32.25816388674284,6.6874337491831115,-25.570730137559732,48.746209276043935
17,-32.26567188110257,7.30467015694894,-24.96100172415363,53.24538433096272
18,-32.272640324898724,7.2491647466026645,-25.023475578296058,52.840792906184454
19,-32.28263569503136,7.125218542603173,-25.157417152428188,51.937321137231464
20,-32.29347352417757,7.655419178487514,-24.63805434569006,55.802072867783814
21,-32.305209102037225,8.014730955963257,-24.290478146073966,58.42117725925826
22,-32.31815329124242,7.959181787203016,-24.358971504039403,58.01626686955492
23,-32.331360817664915,8.74748614123559,-23.583874676429325,63.762394675244586
24,-32.34348067682703,7.690952470204487,-24.65252820662254,56.06108302612951
25,-32.358475911462506,7.547393949571062,-24.811081961891443,55.01465266844395
26,-32.37610598819514,6.987192993222015,-25.388912994973126,50.93122185192688
27,-32.39585257032922,6.744834966154052,-25.651017604175166,49.16461966186748
28,-32.4164788274313,6.92902853951281,-25.487450287918488,50.50724806178921
29,-32.43372324664659,7.391956287264152,-25.041766959382443,53.88163257428343
30,-32.453004376518365,8.445869862253268,-24.007134514265097,61.56384575382462
31,-32.47214406947854,8.764232346564441,-23.707911722914098,63.88446153379693
32,-32.49299299273321,8.382823169196257,-24.11016982353695,61.10428422257282
33,-32.5100672059761,9.022971100954567,-23.487096105021532,65.77046653098508
34,-32.52546248585141,9.602735480643567,-22.922727005207847,69.99649954201385
35,-32.537473471774476,9.980283973069485,-22.557189498704993,72.7485354520364
36,-32.55529141660692,11.085821578224602,-21.469469838382317,80.80704780290802
37,-32.57427337800635,11.906845235206406,-20.66742814279995,86.79167396966545
38,-32.594043502685835,12.46280987269768,-20.131233629988156,90.84422530485287
39,-32.61433820288798,14.574173338887444,-18.040164864000534,106.23442866847526
40,-32.63284419016592,14.588990193548124,-18.043853996617795,106.34243205590178
41,-32.648519646021654,14.853363192159927,-17.79515645386173,108.26950632693145
42,-32.66257701245392,15.38708097017023,-17.27549604228369,112.15989529779989
43,-32.67681155149651,14.96992285256403,-17.70688869893248,109.11913591763911
44,-32.689804196570066,14.005555897193197,-18.68424829937687,102.08964819656072
45,-32.70163457863761,14.921182871733759,-17.78045170690385,108.76385923083036
46,-32.71514518135826,14.135664666599311,-18.57948051475895,103.03804029134501
47,-32.73441676661121,15.054068981207791,-17.68034778540342,109.73249598227358
48,-32.75333139742751,14.67081696689459,-18.082514430532918,106.93888581791737
49,-32.77142355253652,14.268822949324582,-18.50260060321194,104.00866097485572
50,-32.787613567801635,13.467682848700694,-19.31993071910094,98.16897052420813
51,-32.804581107661896,13.828402503396223,-18.976178604265673,100.79833724951118
52,-32.82293037908979,14.911050843892792,-17.911879535197,108.69000460018272
53,-32.84395961457466,15.373449656916199,-17.470509957658457,112.06053358843425
54,-32.864881698595966,15.893075796271262,-16.971805902324704,115.84820543451404
55,-32.88294603898136,15.350466331755811,-17.532479707225548,111.8930029600726
56,-32.90087142724412,13.80783245336338,-19.093038973880738,100.64839752654312
57,-32.91398090488832,14.836313162333166,-18.077667742555153,108.14522482325306
58,-32.92958602990412,16.538975910330265,-16.390610119573857,120.55631669396193
59,-32.94631105217152,16.583942671801,-16.362368380370516,120.88408953588147
60,-32.96196749212683,16.758078566660586,-16.203888925466245,122.15340525423659
61,-32.97927363084801,17.50807412426532,-15.471199506582693,127.62029162325211
62,-32.99570312804074,16.996392681273065,-15.999310446767673,123.89053045652423
63,-33.01000973031526,17.18328275122368,-15.826726979091582,125.25281422681803
64,-33.02414762365164,19.044932574907865,-13.979215048743779,138.82279866443653
65,-33.03992389169352,18.898449406426,-14.14147448526752,137.75504989053545
66,-33.0588134512738,20.29070190988011,-12.76811154139369,147.90349164620298
67,-33.07247656872412,20.871791825368838,-12.200684743355282,152.13918678592265
68,-33.084407770919604,22.03556099858816,-11.048846772331444,160.62216213856632
69,-33.095778926188345,20.690206898478333,-12.405572027710011,150.8155733970557
70,-33.108873989873125,19.91132368951188,-13.197550300361243,145.13811843751859
71,-33.12164073044327,18.986683364434167,-14.1349573660091,138.39820706317215
72,-33.13304982129786,19.211855679127524,-13.921194142170336,140.03953872893322
73,-33.143531393058836,20.510752010204865,-12.632779382853972,149.50748633892874
74,-33.153294440600995,22.332695966833384,-10.82059847376761,162.78804577772485
75,-33.16332839641781,22.63291671900086,-10.53041167741695,164.97642239019666
76,-33.17926146291788,21.890256579899038,-11.28900488301884,159.5630055371242
77,-33.19092076596013,19.152072687001866,-14.038848078958264,139.6037670481055
78,-33.203882196701244,19.214190471347543,-13.989691725353701,140.05655755475516
79,-33.215449627326365,19.538136058318564,-13.6773135690078,142.41786982621792
80,-33.22435502525795,20.69471394009365,-12.5296410851643,150.8484262374779
81,-33.235201399045785,21.877243945520757,-11.357957453525028,159.4681535172872
82,-33.24418113066896,22.120520340821056,-11.123660789847907,161.24144990002574
83,-33.25296833025441,21.087997749641683,-12.164970580612728,153.7151604144632
84,-33.26393260911551,20.157103864718497,-13.10682874439701,146.92966543534686
85,-33.274080106712475,20.36450429784176,-12.909575808870716,148.44145385765512
86,-33.28521965162572,20.529370488049306,-12.75584916357641,149.64320061311017
87,-33.29023724307378,20.245958923248555,-13.044278319825228,147.57734994943576
88,-33.290996792579904,20.814333228803985,-12.476663563775919,151.72035814732862
89,-33.29427454736018,23.684896323907687,-9.609378223452495,172.64453842666316
90,-33.2949616739217,23.616488590205662,-9.678473083716035,172.14589906391117
91,-33.29136295829691,23.693113713576146,-9.598249244720762,172.7044368288762
92,-33.288239542536616,24.467574147900002,-8.820665394636613,178.34965318891537
93,-33.28193481950053,24.320725491118186,-8.961209328382342,177.27924028856074
94,-33.27275085794746,26.06667478601007,-7.206076071937389,190.00585753909533
95,-33.264932748170615,28.40070741713058,-4.864225331040036,207.01914654664836
96,-33.26152352250081,30.02008888046226,-3.2414346420385485,218.8231823950715
97,-33.26118323425371,28.868833384410653,-4.392349849843054,210.43142205089126
98,-33.260354932220906,28.76935097585218,-4.491003956368726,209.7062723912825
99,-33.25933112949311,29.578461384482484,-3.6808697450106287,215.60406021031488
100,-33.26038368067897,29.71310901341349,-3.54727466726548,216.58553707342335
101,-33.26390657812661,30.528266807603828,-2.7356397705227806,222.5274056464697
102,-33.268263598181335,32.0019431524144,-1.2663204457669366,233.2693641022176
103,-33.27558363533862,32.284720203628375,-0.9908634317102454,235.33058965359191
104,-33.276992588327566,33.36096746922841,0.08397488090084693,243.1755981290954
105,-33.28701906037489,31.94791314496589,-1.3391059154089966,232.8755272211281
106,-33.29438517770199,32.85512845782876,-0.439256719873228,239.48842376079804
107,-33.304401851086276,31.546966256120506,-1.75743559496577,229.95293513494505
108,-33.31030378157639,30.57679327104981,-2.7335105105265782,222.88112595702276
109,-33.319198984603084,30.2753834737574,-3.0438155108456826,220.68408212709915
110,-33.329861446413624,29.56853745385541,-3.7613239925582143,215.53172244708134
111,-33.339233750701865,30.277236490102638,-3.0619972605992274,220.6975891801698
112,-33.35031926456929,31.13417861344992,-2.2161406511193746,226.9440331299505
113,-33.36428547459543,31.882880946485052,-1.4814045281103745,232.4014928941016
114,-33.378315809148624,34.09960594410205,0.7212901349534278,248.55970016673075
115,-33.39144655391533,34.16892697362187,0.7774804197065421,249.064996748191
116,-33.400863102058246,33.36613969864819,-0.0347234034100552,243.21329967309214
117,-33.41395080516256,30.450799353610957,-2.9631514515515995,221.962727944073
118,-33.42742539583684,30.129335360301493,-3.298090035535349,219.61950456717
119,-33.44064874907954,29.615310579236045,-3.825338169843498,215.87266228197356
120,-33.45602378931588,30.17084095057106,-3.28518283874482,219.92204815343777
121,-33.462190847795675,31.037598183959837,-2.4245926638358384,226.24003664871898
122,-33.46366811300225,30.188179675288485,-3.275488437713765,220.0484340191308
123,-33.46500064907578,30.852339649042946,-2.612661000032837,224.88964550438277
124,-33.465829739619934,30.59911389014566,-2.866715849474275,223.0438259717706
125,-33.462040199634956,29.189913216407525,-4.27212698322743,212.77184518955016
126,-33.458672175704486,29.6238773780264,-3.834794797678086,215.93510760589342
127,-33.44723168258383,29.569816075185994,-3.8774156073978396,215.54104260565086
128,-33.43607077547399,28.360263602421995,-5.075807173051999,206.72434248134496
129,-33.42305509799787,28.820242276811587,-4.60281282118628,210.07723053456135
130,-33.408192151318595,28.474804682472612,-4.933387468845982,207.55925818567377
131,-33.39232373996824,30.724040072821168,-2.6682836671470724,223.9544410257891
132,-33.37882663229705,32.31357345225183,-1.065253180045218,235.54090747481362
133,-33.36134465170107,33.143893945232975,-0.2174507064680924,241.59330037096618
134,-33.35133950939526,33.4254679050457,0.07412839565044038,243.6457563184202
135,-33.33760055839028,31.81928044912511,-1.5183201092651686,231.9378945586793
136,-33.3212720389521,30.21627238972992,-3.104999649222183,220.25320813557894
137,-33.30222203258424,31.401498908600864,-1.9007231239833757,228.8925909085982
138,-33.28065413487496,32.75088501241782,-0.5297691224571395,238.7285698323343
139,-33.260753893578475,31.466718521637567,-1.7940353719409075,229.3679913424908
140,-33.24393382440054,30.64901875878325,-2.5949150656172932,223.40759378790762
141,-33.22354384730751,30.38911786939569,-2.8344259779118204,221.51311772724182
142,-33.20041628458631,29.849063538170537,-3.351352746415774,217.5765401942605
143,-33.17412368712603,31.042715298134695,-2.131408388991332,226.27733644529454
144,-33.14166097993376,32.53797181893671,-0.6036891609970496,237.17659765940198
145,-33.10777909717242,34.038532964867485,0.9307538676950671,248.11452547961804
146,-33.08020053803367,34.188290061228,1.1080895231943302,249.20613865046315
147,-33.05715256298313,33.186480117694,0.1293275547108763,241.90372056395944
148,-33.03858000522828,31.96487654432381,-1.073703460904472,232.99917725582716
149,-33.0180088113888,29.542071220785004,-3.475937590603799,215.33880411930636
150,-32.99954142859011,29.53930456274675,-3.4602368658433633,215.31863732636512
151,-32.98147574213262,30.971893717689476,-2.009582024443148,225.76110201051387
152,-32.96113607425067,31.96442127072891,-0.9967148035217583,232.99585866415697
153,-32.93917850770365,30.577811292172697,-2.3613672155309544,222.8885465420431
154,-32.91164128225414,29.993640067225126,-2.9180012150290118,218.6303910443807
155,-32.890282042139724,30.313468581366187,-2.5768134607735362,220.961693045641
156,-32.87489160626309,29.356586592036784,-3.518305014226307,213.98676492616227
157,-32.85742696999525,29.156492536138003,-3.700934433857249,212.52823433138428
158,-32.840084901882676,31.010135312092988,-1.8299495897896882,226.03985359651216
159,-32.8273743087299,28.911196339336296,-3.9161779693936047,210.74021516104494
160,-32.815951299168766,28.886399254463733,-3.9295520447050336,210.55946363004375
161,-32.80448663646223,29.49545742439359,-3.3090292120686406,214.99902566926573
162,-32.79645689988574,29.258831262159728,-3.5376256377260127,213.27420433165653
163,-32.78867739757373,29.588355899329255,-3.200321498244474,215.6761835553072
164,-32.78570702056933,28.785935978263065,-3.999771042306268,209.82716420549502
165,-32.78767074009105,26.941205540581247,-5.8464651995098045,196.38050897932393
166,-32.788520190334715,28.949461335372078,-3.839058854962637,211.01913732680623
167,-32.797913010518464,28.559573496788616,-4.238339513729848,208.177157146278
168,-32.811828334678324,29.613967907102147,-3.1978604275761775,215.86287524268724
169,-32.81991148652382,27.796127046322134,-5.023784440201688,202.61222419273093
170,-32.83262802071058,27.510544672521014,-5.322083348189565,200.53055001381898
171,-32.84453866090211,26.821336946854007,-6.023201714048103,195.50675982911113
172,-32.86129802106167,25.80688018313314,-7.054417837928533,188.11215622472008
173,-32.87723779385048,26.178192326188043,-6.69904546766244,190.81873398099344
174,-32.886296753467086,25.572475091595376,-7.31382166187171,186.40352477115752
175,-32.89514450575868,26.16313256079702,-6.732011944961659,190.70895996259833
176,-32.91244319183944,24.53109219931068,-8.381350992528755,178.81265055726308
177,-32.93634627384495,23.801801441233497,-9.13454483261145,173.49668613060123
178,-32.958825493083204,23.99869944177189,-8.960126051311313,174.9319199587422
179,-32.985606025078454,24.152106023154385,-8.833500001924069,176.05013504704974
180,-33.01299940265858,22.72174528391826,-10.29125411874032,165.62391378638182
181,-33.04713990897704,21.43792823728993,-11.609211671687106,156.26588247358688
182,-33.08611830337758,23.670441239474687,-9.415677063902894,172.53917206382482
183,-33.12064863414284,23.721629532699183,-9.399019101443656,172.9122950505474
184,-33.15237515546763,23.468074906046734,-9.684300249420897,171.06407832687233
185,-33.182260331561,21.948931185700516,-11.23332914586048,159.99069794064715
186,-33.210038361856625,22.809642107172902,-10.400396254683724,166.26461350794446
187,-33.229657202914446,23.184444809100853,-10.045212393813593,168.99663473322218
188,-33.23998920085464,22.95465647567501,-10.285332725179629,167.32165586831186
189,-33.24983043971588,22.213593171017365,-11.036237268698514,161.9198787007921
190,-33.25031795607085,20.47749934009442,-12.772818615976433,149.26510014461482
191,-33.255960451827,21.489614146258567,-11.766346305568433,156.6426326934325
192,-33.2661425339831,20.539970999130134,-12.726171534852966,149.72047012350225
193,-33.277379927187134,20.694840531131042,-12.582539396056092,150.84934898803255
194,-33.28246478574114,22.928889780051303,-10.353575005689837,167.13383662638236
195,-33.28479368075354,23.626134146852394,-9.658659533901144,172.2162076965676
196,-33.28173902712817,23.060936977861534,-10.220802049266634,168.0963583619523
197,-33.27500487744751,24.051066726061542,-9.223938151385966,175.31363687661272
198,-33.26932127411342,25.982789513632664,-7.286531760480759,189.3943989144792
199,-33.27053332118306,25.45454818040456,-7.815985140778498,185.54392898183295
200,-33.253365798257406,25.479446490285188,-7.773919307972218,185.72541836469364
201,-33.24032518018941,25.16041667533779,-8.07990850485162,183.3999382615639
202,-33.23248365200636,25.377353023081557,-7.855130628924801,184.9812361111299
203,-33.23215984373407,26.516887518160967,-6.7152723255731,193.28755944198866
204,-33.22531162527276,26.363736352316277,-6.8615752729564825,192.1712061350049
205,-33.21037232263163,25.590982039172484,-7.619390283459143,186.53842607612594
206,-33.19457699265567,25.417279483462536,-7.777297509193133,185.2722690643342
207,-33.17675830136285,24.347768778598716,-8.828989522764136,177.47636489576888
208,-33.16286133283238,23.069499795002066,-10.093361537830312,168.15877466273074
209,-33.1434349806053,24.09958046809857,-9.04385451250673,175.6672644579536
210,-33.136706970218576,25.234056080452635,-7.90265088976594,183.93671245437443
211,-33.127233645861715,26.791621834887795,-6.335611810973919,195.2901596920641
212,-33.1203402011734,29.071972800353528,-4.0483674008198705,211.91215096023925
213,-33.10884866852679,30.008240209423743,-3.1006084591030465,218.73681476591074
214,-33.087340165801464,31.750938110198998,-1.3364020556024663,231.43973187316283
215,-33.0549005683654,30.056420800807395,-2.9984797675580026,219.08801393718
216,-33.02120924091011,30.643941623084253,-2.377267617825858,223.3705854034378
217,-32.97209539040773,30.98538212089963,-1.9867132695081011,225.8594220164148
218,-32.91707120124677,29.819071374784464,-3.0979998264623063,217.3579205670773
219,-32.86020222614654,32.38367129395415,-0.4765309321923894,236.05186641505549
220,-32.81588048798807,32.409647385829594,-0.40623310215847397,236.24121199337822
221,-32.762086966670715,32.32934152501978,-0.43274544165093687,235.6558445050489
222,-32.70137805291438,31.56097673677607,-1.140401316138309,230.05506068081343
223,-32.645096305045286,30.07306246384389,-2.572033841201396,219.20931876344127
224,-32.58571231915549,29.483728831882594,-3.1019834872728964,214.91353331950984
225,-32.51344211975733,30.133441509302397,-2.380000610454932,219.6494352111246
226,-32.43906614006708,29.641661706775178,-2.7974044332918986,216.06474157963228
227,-32.35884178350531,29.767912789055053,-2.590928994450259,216.98501412497055
228,-32.28209207573209,29.74620130790788,-2.535890767824206,216.82675425378721
229,-32.20183146457082,28.728467051373922,-3.473364413196901,209.40826026684292
230,-32.10986779537804,30.2933604668747,-1.816507328503338,220.81512047476977
231,-32.00529777744784,30.616439866926534,-1.3888579105213097,223.1701189148858
232,-31.897743979035884,28.90681075102812,-2.990933228007762,210.70824762110558
233,-31.795894915821435,27.481401243903104,-4.314493671918331,200.31811700532694
234,-31.686679331087504,28.749784517852145,-2.9368948132353587,209.56364807645068
235,-31.61062524388936,28.63321148983639,-2.977413754052968,208.71392104621395
236,-31.53973211166018,30.306948912250448,-1.232783199409731,220.91416971052533
237,-31.46802074758464,29.66052111042218,-1.8074996371624579,216.20221201619708
238,-31.40183848329725,30.51520030991339,-0.8866381733838615,222.43216100483107
239,-31.317958167616503,30.1758472171894,-1.142110950427103,219.9585399572331
240,-31.24157841585902,28.768342114215546,-2.4732363016434746,209.69891857181835
241,-31.177809015888805,28.00071138564656,-3.177097630242244,204.103485473716
242,-31.098396269488113,26.73773959900758,-4.360656670480534,194.89739995118455
243,-31.0231543208986,25.890118769522978,-5.13303555137562,188.71890100966795
244,-30.9569524077924,26.173592673631646,-4.783359734160754,190.78520607858414
245,-30.89977792802724,26.9640298896526,-3.9357480383746406,196.54688079520284
246,-30.846004344419907,26.754032301408674,-4.091972043011232,195.01616112485797
247,-30.802890927200707,27.155353850955734,-3.647537076244973,197.94148419719448
248,-30.76725997993255,26.314335008954735,-4.452924970977815,191.8111086278986
249,-30.74123756829954,27.934526202247614,-2.8067113660519247,203.62104678019887
250,-30.70554660090106,30.66924179745499,-0.036304803446068235,223.55500406698675
251,-30.660766779331922,29.758555169837013,-0.9022116094949091,216.91680433301804
252,-30.614250106797005,31.639498442118878,1.0252483353218729,230.62742305850728
253,-30.57100834537388,28.788530954616647,-1.7824773907572329,209.84607957200814
254,-30.532345894141095,25.086340821967607,-5.446005072173488,182.85998269921902
255,-30.48847919309329,27.354058828408558,-3.1344203646847326,199.38988948663604
256,-30.447800526389127,28.45159670032847,-1.9962038260606576,207.3900899820095
257,-30.410687761109596,29.051028157059303,-1.359659604050293,211.75948074270516
258,-30.366812260252104,27.84862385470486,-2.5181884055472423,202.9948852408589
259,-30.31906746834379,29.382831729885282,-0.9362357384585067,214.17807164111818
260,-30.278665135729234,29.090796244673538,-1.1878688910556967,212.04935928117868
261,-30.237994337322668,28.85648000939615,-1.3815143279265172,210.34137552089075
262,-30.222429851995035,29.699189145100764,-0.5232407068942706,216.48407202130974
263,-30.199577432711372,29.69360634754686,-0.5059710851645107,216.4433777538052
264,-30.17783600917755,30.09134039829809,-0.08649561087946012,219.34255074022863
265,-30.163043813627333,32.300681368150194,2.137637554522861,235.44693417306698
266,-30.160141206239473,32.016038596777776,1.8558973905383027,233.37210896766916
267,-30.160360499843826,30.933134077813108,0.7727735779692821,225.47857427450327
268,-30.178200804060996,32.15764642708493,1.9794456230239312,234.40432030465954
269,-30.183688069932476,34.04139706060281,3.8577089906703357,248.1354025178568
270,-30.191500451954422,33.5466703272997,3.355169875345279,244.5292280448771
271,-30.193489525519595,32.40284028186738,2.2093507563477814,236.1915934809935
272,-30.199049472812586,35.22380076810394,5.024751295291356,256.75420918366655
273,-30.215630280261227,36.13648767151172,5.920857391250497,263.4069893779308
274,-30.211238245862916,36.47815795285237,6.266919706989455,265.89750093472503
275,-30.20949913994007,37.04045423794824,6.830955098008168,269.9962050739284
276,-30.186373427520646,39.54850722595836,9.362133798437714,288.27796761757725
277,-30.170235756982276,38.627852979993094,8.457617223010818,281.5671116707526
278,-30.144916326425097,40.51793319278181,10.373016866356714,295.3443316114156
279,-30.088149952883846,40.37618636606362,10.288036413179775,294.31110709831086
280,-30.022052709757283,42.0490653204448,12.027012610687514,306.5050981959745
281,-29.95870542969124,43.687542077656666,13.728836647965426,318.4483239379476
282,-29.868423709491186,42.951886891245834,13.083463181754649,313.08596776116013
283,-29.75802855059432,41.770522801618135,12.012494251023814,304.47473910394467
284,-29.627716258442984,43.880201467562166,14.252485209119182,319.85266157949445
285,-29.492161801491566,47.085359963158126,17.59319816166656,343.2157830172651
286,-29.352653635315114,48.33376173756096,18.981108102245848,352.3156644423422
287,-29.21090846009318,48.67397266336951,19.463064203276332,354.7955384283067
288,-29.044112624479123,48.92985354965008,19.88574092517096,356.6607117818216
289,-28.875376025664018,47.76080033994805,18.88542431428403,348.13921989834273
290,-28.69913477163993,46.32383060683845,17.62469583519852,337.66482419430184
291,-28.50856662485088,43.985417994080336,15.476851369229458,320.6196085150928
292,-28.314976454225558,46.288925512442106,17.973949058216547,337.41039310757117
293,-28.106141214980802,46.10544495104648,17.999303736065677,336.072962012277
294,-27.878618489907133,45.10324938965129,17.224630899744156,328.76773307041867
295,-27.64991228044914,43.39217725649347,15.742264976044329,316.2953432991546
296,-27.422384941175167,42.05195604237931,14.629571101204142,306.52616931857006
297,-27.202847917872404,41.883613261119756,14.680765343247351,305.299080908701
298,-26.988955869489125,43.31770633932683,16.328750469837708,315.75250802790765
299,-26.785139546700297,45.0283955154183,18.243255968718007,328.22210633894946
300,-26.570633525123533,44.80819718183417,18.237563656710634,326.61703114064346
301,-26.370165295476237,45.79063983546659,19.420474539990355,333.778276693398
302,-26.17388023475597,43.485153357594456,17.311273122838486,316.973067019781
303,-25.960462449405437,43.07650412553338,17.116041676127946,313.9943308208651
304,-25.74634861366922,42.365995359312734,16.619646745643514,308.8152725588097
305,-25.547087654147212,41.94068595281729,16.393598298670078,305.7150965998882
306,-25.355716014659198,40.829592235924984,15.473876221265787,297.61608450043445
307,-25.15871319559128,40.488976960322596,15.330263764731317,295.1332631178436
308,-24.95640762398197,40.22899011293482,15.272582488952846,293.2381604899736
309,-24.736128312172813,40.62619218774202,15.890063875569208,296.133455784046
310,-24.50819460449748,42.42504476721077,17.916850162713292,309.2456969791451
311,-24.318825418677125,41.904413167261616,17.58558774858449,305.4506961045655
312,-24.083893317142483,43.098837744575405,19.014944427432923,314.1571255951456
313,-23.855326859617882,43.35110410177874,19.495777242160855,315.99595183294434
314,-23.64272937512606,43.43773040462785,19.79500102950179,316.6273904454029
315,-23.433838641055225,43.22924377518958,19.795405134134356,315.1076844937595
316,-23.263754838179025,41.047299181599975,17.78354434342095,299.20299941170634
317,-23.14348440478141,42.01093312432961,18.8674487195482,306.2271440387145
318,-23.00960879711769,40.81305406299957,17.80344526588188,297.4955340368782
319,-22.923014536368132,41.593712228996985,18.670697692628853,303.1859270575808
320,-22.87480547448672,42.58413827995978,19.70933280547306,310.40536538974754
321,-22.863631324827978,44.46697896526344,21.603347640435466,324.12981478567224
322,-22.91819046484874,43.122732251125484,20.204541786276746,314.3312980296733
323,-22.991073440000076,44.37712706822257,21.386053628222495,323.4748640913885
324,-23.0680058501897,43.754238310462114,20.686232460272414,318.93448778557536
325,-23.14876772405119,40.98937364466579,17.8406059206146,298.7807671396982
326,-23.288531647912244,41.27211031884446,17.983578670932218,300.8416983737773
327,-23.415306740579453,38.61949624743022,15.204189506850767,281.5061975668299
328,-23.545097108105406,38.27147277072053,14.726375662615123,278.9693761395164
329,-23.691912856339698,39.40971770062152,15.717804844281822,287.26629953963646
330,-23.842850263873004,40.870460741740395,17.02761047786739,297.91398423477136
331,-23.98485105094322,40.02274559483779,16.037894543894566,291.73479779237334
332,-24.13233902087954,41.78775355390361,17.65541453302407,304.6003379342874
333,-24.26789322786628,41.701719082580375,17.433825854714094,303.9732133149835
334,-24.426091046676085,41.73661027600962,17.310519229333536,304.2275430744373
335,-24.61289725121877,41.31173340560573,16.69883615438696,301.13051996840824
336,-24.858591148028594,42.95916354259337,18.10057239456478,313.139008910085
337,-25.111644371099153,42.12478955185963,17.013145180760475,307.0570691567733
338,-25.3434777258699,43.188175308637796,17.844697582767896,314.8083272006238
339,-25.586252893255004,44.313472904743634,18.72722001148863,323.0108745715499
340,-25.816188118104836,46.09409942158567,20.27791130348083,335.9902618952834
341,-26.03101040824592,47.106271036180416,21.075260627934497,343.3682085335337
342,-26.247927684287593,43.48451639575735,17.23658871146976,316.96842406163347
343,-26.47788564202558,42.148187912841266,15.670302270815686,307.2276250746195
344,-26.69015692798693,46.086015930263784,19.395859002276854,335.9313395082458
345,-26.909256090842064,46.28781142822978,19.378555337387716,337.4022722970777
346,-27.14885841071937,50.0118991497832,22.863040739063827,364.5479856223668
347,-27.40089902094169,48.945597928681615,21.544698907739924,356.775476103081
348,-27.66967291209936,50.750055722686184,23.080382810586823,369.92857496810973
349,-27.8977940666369,49.34813273299943,21.45033866636253,359.7096428624249
350,-28.138636165963693,48.856329486530264,20.71769332056657,356.12477834276484
351,-28.4285166682167,49.92726128028645,21.49874461206975,363.9310411480128
352,-28.717844549404866,50.103134861539544,21.38529031213468,365.21302325347114
353,-29.005460275899278,50.18752998782032,21.18206971192104,365.82819831790647
354,-29.283679644573617,50.0033135861751,20.719633941601487,364.48540351746834
355,-29.58006829163303,49.13553228808378,19.55546399645075,358.15995038415485
356,-29.90042757815126,51.89783261384453,21.99740503569327,378.29497897853395
357,-30.18854488371805,50.05002247687738,19.861477593159332,364.82587513133717
358,-30.47651706122401,51.355675680849515,20.879158619625507,374.3430751081649
359,-30.75622145385542,51.25081168027261,20.49459022641719,373.57869781347114
360,-31.048270338895968,53.17397692946667,22.1257065905707,387.5970820286538
361,-31.318647389959033,52.802251769123096,21.483604379164063,384.88749369643415
362,-31.569574446457985,51.31848961263625,19.748915166178264,374.0720174900617
363,-31.810856388333985,55.29088087939931,23.480024491065326,403.02767122489155
364,-32.043601158904174,51.59709976633767,19.553498607433497,376.10286958791147
365,-32.2818347421559,52.26189022103898,19.98005547888308,380.9486767906438
366,-32.508989568328666,50.74961059825349,18.240621029924824,369.9253303559664
367,-32.722110202220605,48.01951624105006,15.297406038829457,350.0250583127718
368,-32.90271745851987,47.412396378626,14.509678920106133,345.59962503308043
369,-33.067020729393896,46.182429595498355,13.11540886610446,336.6341204072968
370,-33.2403350291886,44.978203615084254,11.737868585895654,327.8562462841946
371,-33.397027150200486,45.66918731938392,12.272160169183437,332.8929819767526
372,-33.54171553523888,46.33805966341424,12.796344128175363,337.7685429892326
373,-33.69633169176172,45.51205682172427,11.815725129962551,331.74762242481654
374,-33.846103313331966,46.91371559476714,13.067612281435174,341.96462859593515
375,-34.00342798313846,47.22891037364965,13.22548239051119,344.26215425830156
376,-34.151635603358926,46.83335996711301,12.681724363754086,341.37889834588003
377,-34.297675590438615,50.1161389201801,15.818463329741483,365.3078127628263
378,-34.43535505591344,51.91785156001682,17.48249650410338,378.4409015814636
379,-34.576604940399115,53.44120770255146,18.864602762152344,389.54498726081874
380,-34.71894453718956,54.10353983573812,19.38459529854856,394.3728752049063
381,-34.871940626674004,53.54949361566891,18.677552988994904,390.33430764595386
382,-35.0180622724234,54.68094161587421,19.66287934345081,398.58168669620704
383,-35.167022121010106,54.361630424017775,19.19460830300767,396.25415557347736
384,-35.31298301072499,53.88237193559592,18.56938892487093,392.7607326178053
385,-35.446265610759156,53.7212115011111,18.274945890351944,391.5859979496114
386,-35.58176446547551,55.385933273367556,19.804168807892047,403.7205295113951
387,-35.71466736233253,56.256302682663,20.54163532033047,410.0648479696026
388,-35.83927291276726,57.794689898820295,21.955416986053038,421.2784985265976
389,-35.97026943175302,60.388666826211185,24.418397394458168,440.1865799973519
390,-36.10483569919781,62.491655100695745,26.386819401497938,455.5157347042098
391,-36.22792999234876,64.25255114940757,28.024621157058803,468.3513022063702
392,-36.34472542614529,63.40787367778449,27.0631482516392,462.1942580625642
393,-36.45052300028345,63.310857495828344,26.860334495544897,461.4870852835629
394,-36.551652633686885,62.80538114353537,26.253728509848486,457.8025544190927
395,-36.64919730493093,64.65298490307524,28.003787598144307,471.270153934787
396,-36.73755835691444,63.54998354118889,26.812425184274446,463.2301288317583
397,-36.82981856434777,62.79877053552985,25.96895197118208,457.7543682099481
398,-36.915487697218694,63.15995559284001,26.244467895621312,460.38712735962514
399,-36.9977917276681,62.26726324685088,25.26947151918278,453.88009199317776
400,-37.08182263499148,62.75191442152732,25.670091786535835,457.4128234523184
401,-37.16743188558458,63.793706478139455,26.62627459255488,465.0066801570579
402,-37.254298030750725,65.99292075985754,28.738622729106815,481.037247881574
403,-37.34505705399172,63.93239197553386,26.587334921542144,466.0175899519199
404,-37.43249207466164,61.42415320223998,23.99166112757834,447.7344731775359
405,-37.51307898771635,58.86364237040419,21.350563382687845,429.07033360718265
406,-37.58418489067933,58.43639973546252,20.85221484478319,425.95606591113864
407,-37.650479617063915,59.349819468218364,21.69933985115445,432.6141878634082
408,-37.71241596211954,59.750451109130395,22.038035147010852,435.534482036474
409,-37.77558364997818,59.47764291421879,21.70205926424061,433.5459217216887
410,-37.84388238853695,60.71861003041722,22.87472764188027,442.59161025030954
411,-37.90651393193037,61.463527907920145,23.557013975989776,448.0214842665807
412,-37.96918385280979,60.40940791138508,22.44022405857529,440.3377664339461
413,-38.02812271757543,60.02238408192381,21.994261364348382,437.516662660314
414,-38.08494829671258,59.681476326073884,21.596528029361302,435.03170932339054
415,-38.1367686096595,56.98105592096362,18.84428731130412,415.3477373936673
416,-38.18678267020631,55.87195588224554,17.685173212039224,407.26325766300465
417,-38.233557816891214,55.9185404267644,17.684982609873188,407.6028228895646
418,-38.27343456801338,53.24732281064362,14.973888242630238,388.13171665943787
419,-38.31036837802155,51.80146897632774,13.49110059830619,377.5925627427742
420,-38.34365774542757,52.917315728038275,14.573657982610705,385.7262207824549
421,-38.373217590909455,52.31897029281852,13.945752701909065,381.3647462769092
422,-38.39487148860005,51.74701937335624,13.352147884756185,377.1956673355082
423,-38.41823324164116,51.535134242818835,13.116901001177673,375.6511889446875
424,-38.43563397688558,52.17093830420247,13.73530432731689,380.28570780456425
425,-38.45452653009896,51.67139204875256,13.216865518653599,376.64440275026
426,-38.47299676553999,51.12268690529649,12.649690139756501,372.64476750048743
427,-38.48906650901264,49.82575837883897,11.336691869826332,363.1911636611235
428,-38.50524725512282,50.7708302131038,12.265582957980982,370.08000490304164
429,-38.51799410736826,48.52498984770166,10.006995740333402,353.70956916364423
430,-38.52833850153007,48.06365757223538,9.535319070705306,350.34681440761847
431,-38.53924024813177,50.14009865419596,11.60085840606419,365.4824606550283
432,-38.54988668517624,49.15340949322736,10.603522808051117,358.29026135483264
433,-38.55883121485942,48.50444757807144,9.945616363212025,353.55983193828155
434,-38.569386820339375,47.83836334577977,9.268976525440394,348.70459409959204
435,-38.58244740256216,45.562244303045254,6.979796900483095,332.113450268391
436,-38.594786586044194,46.70020907146018,8.105422485415986,340.40833150840245
437,-38.6065046096103,44.65117129638238,6.044666686772082,325.4724341306284
438,-38.619842557442006,41.898984151719525,3.279141594277519,305.4111227887461
439,-38.62990510913085,38.728881931342904,0.09897682221205173,282.3035344287409
440,-38.642190035293275,36.281193795015234,-2.360996240278041,264.4617848711481
441,-38.652621999329256,36.76036389715397,-1.8922581021752833,267.95456355931555
442,-38.655749673298885,37.63532421367643,-1.0204254596224587,274.3323461732587
443,-38.658516165618494,37.44191754984024,-1.2165986157782527,272.9225614838939
444,-38.662730574957294,38.368248299102916,-0.2944822758543779,279.6747947404714
445,-38.67022046450483,38.203365616119164,-0.4668548483856654,278.4729277654597
446,-38.67458689475585,39.125539933343305,0.45095303858745694,285.1948638537076
447,-38.67063977631137,38.893939668425716,0.22329989211434764,283.5066774124678
448,-38.664326719886205,38.854809004898634,0.19048228501242903,283.22144520158656
449,-38.65414176949071,38.92303701344775,0.26889524395704,283.7187745072607
450,-38.6406896799635,38.050979573681516,-0.5897101062819843,277.36215161514326
451,-38.62692950658014,41.4486864981138,2.821756991533661,302.12880187426117
452,-38.61319440882362,39.0900740912843,0.4768796824606838,284.9363453510951
453,-38.59891776615844,39.80708605962345,1.2081682934650075,290.1628069166183
454,-38.585775907683995,39.764971758215744,1.1791958505317481,289.85582629790406
455,-38.57322498922966,39.04764928887052,0.47442429964085875,284.6271014206846
456,-38.55862371343625,40.399245408631295,1.840621695195047,294.4791896478907
457,-38.54234524199972,39.284447535341364,0.7421022933416452,286.35317711901627
458,-38.52316120599271,38.30265551092223,-0.22050569507047868,279.19667414898953
459,-38.50285872645244,40.64129572197159,2.1384369955191502,296.24354884335327
460,-38.48254171429836,41.17863738711596,2.6960956728176058,300.16035314291963
461,-38.459337492403755,43.37140824968446,4.912070757280702,316.1439533354796
462,-38.430854187687466,44.532628653671715,6.101774465984249,324.6083501357155
463,-38.39647383730792,44.11402918180731,5.717555344499388,321.5570844000607
464,-38.359664294118,42.21643038199022,3.8567660878722236,307.72505978685945
465,-38.32167712327749,44.77402034559834,6.452343222320849,326.36790849150344
466,-38.28303395834926,43.29810303466765,5.01506907631839,315.6096151294867
467,-38.2461256886009,41.47869830987882,3.2325726212779244,302.34756472289945
468,-38.208108432986585,44.71101022645204,6.502901793465455,325.908613555716
469,-38.16950523000419,46.05606978821128,7.886564558207091,335.71305534091783
470,-38.12775391966196,45.53059986330521,7.40284594364325,331.88278682710006
471,-38.08278408214881,46.27625361273852,8.19346953058971,337.3180247794436
472,-38.0444694945489,42.770153195309994,4.7256837007610955,311.7612699612485
473,-38.00705812910968,45.73544346964109,7.7283853405314105,333.37593796366696
474,-37.96322604379877,46.28503219899085,8.321806155192078,337.38201386982615
475,-37.917327415405374,43.621435207270224,5.70410779186485,317.96645608559913
476,-37.87554927937291,42.07404046451946,4.198491185146551,306.6871476405633
477,-37.83159254590178,40.86934092385368,3.0377483779518997,297.90582163023504
478,-37.78954469036602,40.7875384112022,2.9979937208361775,297.30954470988394
479,-37.741991059805905,39.82627920545233,2.0842881456464255,290.302710075039
480,-37.69080069235214,41.79345405890308,4.102653366550939,304.6418901978469
481,-37.63512345423169,40.845624061480116,3.2105006072484272,297.7329440840801
482,-37.581012644446034,41.660450241698875,4.079437597252841,303.67239544827413
483,-37.52421544468113,42.300897153893324,4.776681709212191,308.3407570923563
484,-37.466366390141985,40.88146686416504,3.415100474023056,297.9942103375114
485,-37.407563209656516,41.144419630014866,3.7368564203583503,299.9109322123855
486,-37.3509226584502,41.00991217943414,3.658989520983937,298.9304771408124
487,-37.304057612266405,39.95753187150357,2.6534742592371643,291.25944028984736
488,-37.25653677454466,38.85118875220656,1.5946519776619041,283.19505636515413
489,-37.20129707365253,38.595100726649235,1.3938036529967022,281.3283731268445
490,-37.14733003689014,40.275825154286295,3.128495117396156,293.57955164430837
491,-37.095343848673274,36.91126532495275,-0.18407852372052247,269.05451801948965
492,-37.04351093745429,38.65852057562302,1.6150096381687291,281.79065467553403
493,-36.98877174067522,37.945113269154255,0.9563415284790366,276.59046830143603
494,-36.933375204202484,37.074689037827085,0.1413138336246007,270.2457502331043
495,-36.875977074282886,37.31001525415069,0.43403817986780524,271.9610959724847
496,-36.819986666113415,37.79261389638013,0.9726272302667169,275.47886606079766
497,-36.76576966112415,36.78528078128972,0.019511120165567775,268.13618833410095
498,-36.71860041194809,35.16916192380511,-1.5494384881429752,256.35593435378615
499,-36.6814948373514,32.53524991948019,-4.146244917871215,237.15675712183366
500,-36.64045772877213,32.64810089002279,-3.9923568387493376,237.97935323768252
501,-36.589734871630284,32.42335193144119,-4.166382940189095,236.34110750987548
502,-36.53914475733082,34.610214534543246,-1.9289302227875709,252.2816410698212
503,-36.49279404711863,32.92855482249492,-3.5642392246237122,240.0236450538438
504,-36.44091744611519,34.60446829159479,-1.8364491545204018,252.2397554120604
505,-36.38420302601531,34.59880736625736,-1.7853956597579455,252.1984916535629
506,-36.32285705974435,35.208492512992976,-1.114364546751375,256.64262386779234
507,-36.26093931315085,35.87076382944856,-0.3901754837022864,261.47006850504334
508,-36.20331337013073,35.67435151181109,-0.52896185831964,260.0383749288462
509,-36.14333460649906,33.42501983817692,-2.718314768322138,243.64249025819825
510,-36.08789529250687,33.28161412241949,-2.806281170087381,242.59717372963502
511,-36.03532598843975,33.61872309297497,-2.4166028954647842,245.0544368658173
512,-35.98231933806112,34.12151441709018,-1.860804920970935,248.7193959557662
513,-35.9290110853585,34.72769867461049,-1.2013124107480166,253.13800940080222
514,-35.874852659325654,34.90481880416319,-0.9700338551624625,254.4290778772908
515,-35.82151261331195,33.53159329027735,-2.289919323034603,244.4193281296751
516,-35.757241623636546,35.062897934167786,-0.6943436894687594,255.58135222383223
517,-35.687128312634925,35.81972233065119,0.13259401801626325,261.0980155359289
518,-35.610977589868824,35.686302656638034,0.07532506676921003,260.1254895125075
519,-35.53314121431185,32.867485413488865,-2.6656558008229823,239.57849639093
520,-35.463996358470226,33.0658176111079,-2.398178747362323,241.02418440428735
521,-35.40069055079781,33.48457093259293,-1.9161196182048812,244.07657158444312
522,-35.344291771550004,32.77902318130728,-2.5652685902427237,238.9336752764814
523,-35.28574062643463,31.26299086582233,-4.0227497606122995,227.8829746203587
524,-35.22296576917033,30.613172231967976,-4.6097935372023535,223.14630038845223
525,-35.166387248463835,30.487288771776033,-4.679098476687802,222.22870752322817
526,-35.10982006133531,29.83112827440605,-5.2786917869292616,217.44580602123165
527,-35.06049613527131,30.289455994585822,-4.771040140685486,220.7866598977466
528,-35.013350268436064,29.34294819251005,-5.670402075926013,213.88735156336048
529,-34.964307391211506,30.575937845209374,-4.3883695460021315,222.87489056560028
530,-34.92382662558102,30.950421026095754,-3.973405599485268,225.60458273011346
531,-34.882732463301856,30.501235511694556,-4.3814969516073,222.33036844852256
532,-34.84722936229967,31.499432499011785,-3.3477968632878863,229.60645088424405
533,-34.81160370014276,33.12841943837052,-1.6831842617722401,241.48050320866864
534,-34.778196159323215,29.738395382672767,-5.0398007766504485,216.76985510840868
535,-34.75128906957743,29.92750102444451,-4.823788045132922,218.14828868021223
536,-34.72455794708185,28.876458899148655,-5.848099047933193,210.48700614356383
537,-34.69736416046411,28.494544593681216,-6.202819566782896,207.70314683996997
538,-34.66693213455718,27.679306137072853,-6.987625997484326,201.76069030040958
539,-34.6368813326588,25.751983334917494,-8.884897997741309,187.712000746239
540,-34.59840469806042,25.382391495708262,-9.216013202352158,185.01796267176655
541,-34.56032490990123,26.552313916828854,-8.008010993072379,193.54579043284855
542,-34.525892227421934,26.40933402911521,-8.116558198306723,192.50357786070816
543,-34.48856448810705,24.031640059430405,-10.456924428676647,175.17203153252194
544,-34.444364224609856,24.592423096386923,-9.851941128222933,179.2597052655555
545,-34.39907553703374,25.072250443473457,-9.32682509356028,182.75727476002808
546,-34.34932057669777,24.0652086642968,-10.28411191240097,175.4167206463576
547,-34.30904972166611,22.102422838919626,-12.206626882746487,161.10953313671297
548,-34.266778013097245,21.19552177238874,-13.071256240708504,154.49892720926255
549,-34.22880678803907,21.521121183546224,-12.707685604492848,156.87229457733227
550,-34.19039178069983,20.7874097568238,-13.402982023876028,151.5241069022611
551,-34.15439160382284,21.932005750743908,-12.22238585307893,159.86732463701122
552,-34.12041932835713,21.635445607691313,-12.484973720665817,157.7056310280179
553,-34.08368440262434,21.598612797850635,-12.485071604773708,157.43714838967585
554,-34.048223282565196,22.660959575034305,-11.387263707530892,165.18083307749077
555,-34.022021711027406,22.62566179256095,-11.396359918466455,164.9235395990116
556,-33.997542672144625,23.667463779454003,-10.330078892690622,172.51746868780302
557,-33.97155847184362,23.253673949146876,-10.717884522696746,169.50126151163266
558,-33.9379367294367,24.534371962749958,-9.403564766686742,178.8365574909215
559,-33.90972013303489,24.848294517928746,-9.061425615106142,181.12480962846004
560,-33.885621573296284,25.308811379006876,-8.576810194289408,184.48162064554168
561,-33.858597922338575,24.851770261367744,-9.006827660970831,181.15014510443214
562,-33.82066038353749,24.210400175999773,-9.61026020753772,176.47505424337345
563,-33.78823377435282,25.985240128948206,-7.802993645404612,189.41226200090475
564,-33.75459999204535,28.400925551992927,-5.353674440052423,207.0207365807405
565,-33.71839832615135,26.827804629589856,-6.890593696561496,195.55390422380682
566,-33.69159040680936,25.810600671529965,-7.880989735279396,188.13927570175758
567,-33.65878145557994,26.238041668058038,-7.420739787521903,191.25498930003636
568,-33.63010166345884,27.57291726257754,-6.057184400881297,200.9851978566265
569,-33.603827294038034,29.131356980273445,-4.472470313764589,212.3450156091662
570,-33.58255667421717,29.85935378353198,-3.7232028906851937,217.65154810801394
571,-33.55325967777105,30.205669103401856,-3.347590574369196,220.1759183957853
572,-33.52374010408706,31.88675240492913,-1.636987699157931,232.4297128257819
573,-33.49508299885079,32.24327458570043,-1.251808413150357,235.02848321921607
574,-33.46447342557128,32.060217481140114,-1.4042559444311635,233.6941387960726
575,-33.43252533139218,32.92920530523041,-0.5033200261617665,240.02838656886198
576,-33.395753068603454,32.00206168211827,-1.3936913864851874,233.2702280918984
577,-33.35982219663216,31.870927335765415,-1.4888948608667434,232.31436033599365
578,-33.31366624533124,32.54078764562931,-0.772878599701933,237.19712285372768
579,-33.27031303099169,31.705566054495527,-1.56474697649616,231.10900475038932
580,-33.236907534015856,31.603145937232167,-1.633761596783689,230.3624414710437
581,-33.21052289938387,30.781728931182972,-2.428793968200896,224.3749480944302
582,-33.18398643882152,29.41440824081865,-3.769578198002872,214.40823993405317
583,-33.15003098095691,27.763592052126967,-5.386438928829946,202.37506929964115
584,-33.11704509245378,27.299601530588845,-5.817443561864934,198.99293798989012
585,-33.07824739988885,27.303486337668392,-5.77476106222046,199.0212552227778
586,-33.0548507105305,27.190803267418417,-5.864047443112085,198.19988296993964
587,-33.030610352372705,27.880459204195837,-5.150151148176867,203.22694026627917
588,-33.00443404389264,25.905808997688986,-7.098625046203651,188.8332706130846
589,-32.98921168723922,24.72662364099811,-8.26258804624111,180.23792323046246
590,-32.96093513246153,23.953747651912405,-9.007187480549124,174.60425624826567
591,-32.92533125209847,25.150937014133454,-7.774394237965012,183.33083887811372
592,-32.89070270542691,23.98220680934724,-8.908495896079671,174.81170145014266
593,-32.86577361712258,24.128676410681816,-8.737097206440762,175.87935133005456
594,-32.83859798617451,23.08231941873143,-9.756278567443083,168.25221978452024
595,-32.81374123416404,22.188184175899252,-10.62555705826479,161.7346668183308
596,-32.79842518006821,23.526762182069326,-9.271662997998881,171.49186308648774
597,-32.78378730733041,24.239132579995484,-8.544654727334922,176.68449120091339
598,-32.765848104135955,25.46489746560406,-7.300950638531894,185.61936725025004
599,-32.75347512231216,23.94633226458874,-8.80714285772342,174.55020382159506
600,-32.74297451318599,25.601604729520464,-7.141369783665528,186.61585725618667
601,-32.7312554215374,26.09184517101208,-6.639410250525319,190.1893301387329
602,-32.730188535950596,25.85730152209596,-6.872887013854637,188.47968870926397
603,-32.726968131276045,25.43923001912733,-7.287738112148716,185.43227145768398
604,-32.7169619943044,27.60517623665072,-5.111785757653678,201.22034077694235
605,-32.70563779406234,29.061477802695062,-3.644159991367278,211.8356505609233
606,-32.69246509109754,30.095889150222916,-2.5965759408746223,219.37570761648172
607,-32.68532376697131,29.807698510827848,-2.8776252561434603,217.2750212027935
608,-32.671567281192814,31.452897596995193,-1.2186696841976215,229.2672475130528
609,-32.659070747490716,30.283103689186905,-2.375967058303811,220.7403565144198
610,-32.647622263689236,29.637264984154534,-3.010357279534702,216.0326928791841
611,-32.63135332195618,28.610498228689917,-4.020855093266267,208.54835897521434
612,-32.61703296362688,28.356278338894292,-4.260754624732591,206.69529299880386
613,-32.60660601681572,27.266792221423785,-5.339813795391933,198.75378355326367
614,-32.59176432656098,25.94371694691261,-6.648047379648368,189.1095901842962
615,-32.57576735920884,24.328682337267253,-8.247085021941587,177.3372395304384
616,-32.561430403300314,25.868870312296416,-6.692560091003898,188.56401622402268
617,-32.54686993722124,25.86377439573457,-6.683095541486669,188.52687094161786
618,-32.534008256687244,24.92460897655125,-7.609399280135992,181.6810828881772
619,-32.517793895631456,24.181394475360957,-8.3363994202705,176.26362516510994
620,-32.50793410669813,23.235445064993602,-9.272489041704528,169.3683870735251
621,-32.49226615048843,23.910137177631206,-8.582128972857227,174.28636968883643
622,-32.473207824405655,23.418477150606048,-9.054730673799607,170.70254912792825
623,-32.46219677280766,24.088721633269127,-8.373475139538531,175.58811196763477
624,-32.44640869740944,25.535549616337114,-6.910859081072324,186.1343666737369
625,-32.425703462943275,28.927372873997115,-3.4983305889461604,210.85812956192166
626,-32.40152263317405,25.575935163755634,-6.825587469418412,186.4287460156528
627,-32.37845565839524,24.265936490428967,-8.112519167966273,176.87987093496557
628,-32.35668939787247,25.645295267980426,-6.711394129892046,186.93432742142943
629,-32.346732073777886,25.772926704489933,-6.573805369287953,187.86466167932835
630,-32.335580194975954,28.272090026243234,-4.06349016873272,206.08162544544876
631,-32.328609875084986,28.405531536457794,-3.9230783386271924,207.05431063785534
632,-32.31507633763365,28.808682939649124,-3.5063933979845245,209.99297192512356
633,-32.29781761020033,26.18641036400773,-6.111407246192602,190.8786371077266
634,-32.276683462516345,26.634980851951312,-5.641702610565034,194.14836832308646
635,-32.2597056575337,27.161186406412263,-5.098519251121438,197.98399900624702
636,-32.24360266820089,27.35539889798059,-4.888203770220304,199.39965755526336
637,-32.23632960860159,27.407412494051485,-4.8289171145501015,199.77879636012725
638,-32.2235278559906,26.22921605918817,-5.994311796802435,191.19065745121443
639,-32.221667334272624,25.097853499913562,-7.123813834359062,182.94390119912933
640,-32.22503624290139,24.992956380052036,-7.2320798628493534,182.179282490518
641,-32.233202388360596,25.507964614149465,-6.725237774211131,185.93329338614234
642,-32.23737673837325,25.523329343812744,-6.714047394560506,186.0452903577351
643,-32.239783144470636,22.98804271952227,-9.251740424948366,167.56501571164762
644,-32.24346312192951,23.590764056329505,-8.652699065600004,171.95838714844598
645,-32.2437162530412,23.018956181348056,-9.224760071693144,167.79035089045084
646,-32.24786826448927,22.420398924244942,-9.827469340244328,163.42733236753728
647,-32.260832572255545,21.73516287278357,-10.525669699471976,158.43249260974432
648,-32.266495336777886,22.965834381981367,-9.30066095479652,167.40313414241726
649,-32.270107922235425,22.78872520694758,-9.481382715287847,166.11214551588185
650,-32.26586473232816,24.296700097933375,-7.969164634394787,177.10411379190288
651,-32.26387451998254,25.785494012972787,-6.478380507009749,187.95626761851491
652,-32.265727370993886,25.613243056039966,-6.65248431495392,186.7006916368206
653,-32.263978382449864,23.98409720533191,-8.279881177117954,174.82548097181564
654,-32.270988904536736,24.35699174182572,-7.913997162711016,177.54359314990504
655,-32.279684050579895,23.5246479384733,-8.755036112106595,171.4764518892097
656,-32.284212028908556,24.109142970526307,-8.175069058382249,175.7369676897205
657,-32.283122699016566,24.023123377036633,-8.259999321979933,175.109951518293
658,-32.28733494477425,24.458850419604552,-7.828484525169699,178.2860639705236
659,-32.28876696441892,25.818080375985893,-6.470686588433026,188.19379695047667
660,-32.283774788376284,25.727013765564507,-6.556761022811777,187.52999193705085
661,-32.2746195930821,26.51101274539723,-5.763606847684869,193.24473690148497
662,-32.2619924676092,25.09874958782676,-7.1632428797824375,182.95043298554918
663,-32.2486663264058,25.438634743546785,-6.810031582859011,185.42793236003988
664,-32.22187532781603,24.18226106599033,-8.039614261825701,176.26994193919106
665,-32.199901296576236,24.702450875701118,-7.4974504208751185,180.06172250532006
666,-32.18606721887772,25.54440029028773,-6.641666928589988,186.19888122757206
667,-32.18019267965607,24.374265308879068,-7.805927370777006,177.6695040667241
668,-32.169254622723834,23.12339708411763,-9.045857538606203,168.55164413002973
669,-32.14839622544513,22.31424914547571,-9.834147079969423,162.65358274629835
670,-32.12579703090557,23.80960617573356,-8.316190855172007,173.55357659644406
671,-32.106316323578454,21.789367758797344,-10.31694856478111,158.82760422004392
672,-32.08426166082281,21.034379757582133,-11.049881903240678,153.3243268062476
673,-32.05233471953329,21.639554392867197,-10.412780326666095,157.73558088764506
674,-32.01977488996376,23.178228310807942,-8.841546579155821,168.95132127844775
675,-31.993764621121013,22.905589509763,-9.088175111358012,166.9639957136704
676,-31.970098377485467,22.580063904644636,-9.390034472840831,164.59116633442622
677,-31.944037206856734,23.419862040104533,-8.524175166752201,170.71264389908401
678,-31.909778303583174,23.788144884296603,-8.121633419286571,173.39714041435138
679,-31.87258853830521,24.948693535692854,-6.923895002612355,181.85664065880653
680,-31.841881741073948,23.64050713140903,-8.201374609664917,172.3209756149346
681,-31.806474848731852,23.5297703021571,-8.276704546574752,171.5137899506371
682,-31.771598838023948,23.115307051901155,-8.656291786122793,168.4926740649397
683,-31.740391125709905,23.483249159709324,-8.257141966000582,171.17468687603886
684,-31.708895366336947,22.780225055771304,-8.928670310565643,166.0501860014168
685,-31.67456509713913,22.622625653846402,-9.051939443292728,164.90140850078748
686,-31.64047227315111,22.260079661742516,-9.380392611408595,162.25872919118748
687,-31.61334683636668,20.745100474071027,-10.868246362295654,151.21570502065174
688,-31.59678795857583,20.44270593840698,-11.15408202016885,149.0114832111703
689,-31.586044858034654,18.91574011492814,-12.670304743106513,137.8810857552316
690,-31.578823793863698,17.957734789660954,-13.621089004202744,130.89796938735083
691,-31.57495400556532,17.03114474591044,-14.543809259654882,124.14384607490999
692,-31.557686591756937,15.923254425690525,-15.634432166066413,116.0681842545682
693,-31.53307763157053,15.526510785236484,-16.006566846334046,113.17623059164411
694,-31.508962734894954,15.570783271224625,-15.938179463670329,113.49894270335845
695,-31.480870461434748,17.31038861256467,-14.170481848870079,126.17931744905877
696,-31.464782458219382,16.34268133713474,-15.122101121084643,119.12548138349479
697,-31.444673421493043,16.766421778643657,-14.678251642849386,122.21422080361094
698,-31.42495313085165,16.8635154528441,-14.56143767800755,122.92195844101677
699,-31.396535076239857,16.884715472230187,-14.51181960400967,123.07649015234423
700,-31.36123400860543,16.735090808876095,-14.626143199729334,121.98584231548048
701,-31.335326002710055,16.326666431615596,-15.008659571094459,119.00874513379847
702,-31.31073075575957,16.899799541628084,-14.410931214131487,123.18644132811387
703,-31.281327220579993,16.29387371095533,-14.987453509624661,118.76971161451593
704,-31.260685007259085,15.590685337006832,-15.669999670252253,113.64401333882658
705,-31.245667881859372,15.811302956556244,-15.434364925303129,115.25214480687319
706,-31.21928548898072,14.921283452725737,-16.298002036254985,108.7645923883117
707,-31.195132100784537,14.731614596261057,-16.46351750452348,107.38205341788756
708,-31.173679334364827,14.21284154994737,-16.960837784417457,103.60059995893303
709,-31.137171700940055,13.446136784891703,-17.691034916048352,98.01191641722183
710,-31.086486876810344,13.716659992557549,-17.369826884252795,99.98382094584865
711,-31.045334131180535,13.703840083757896,-17.34149404742264,99.89037374611765
712,-30.982517430347105,14.224984625579527,-16.75753280476758,103.6891135694181
713,-30.913846676354886,14.119806550137865,-16.79404012621702,102.92244691236792
714,-30.841918855445755,14.474553375802932,-16.36736547964282,105.50827634297632
715,-30.77235321810586,12.978946787551939,-17.793406430553922,94.60646340846783
716,-30.690330733749537,14.328272954158287,-16.36205777959125,104.44200543638993
717,-30.621646510662764,13.432360513520488,-17.189285997142278,97.91149807552434
718,-30.54968293457437,13.896758770848109,-16.65292416372626,101.29660146318594
719,-30.47675000118028,14.378034460795842,-16.09871554038444,104.80472825465216
720,-30.39629838238877,14.19462105061479,-16.20167733177398,103.4677866396701
721,-30.31716588356534,14.515864617622348,-15.801301265942993,105.80940327966239
722,-30.24157277712917,15.010240849059532,-15.23133192806964,109.41302286567812
723,-30.182459082681127,14.107418983776512,-16.075040098904616,102.83215115394711
724,-30.10963483653466,14.80027642493838,-15.30935841159628,107.88254493608608
725,-30.039251317876587,14.417161793362064,-15.622089524514523,105.08993618541027
726,-29.98673142381612,15.437151587610598,-14.549579836205522,112.52487129425401
727,-29.932202504642017,15.677820837292666,-14.254381667349351,114.27916360597128
728,-29.874575161512407,16.46704215541233,-13.407533006100078,120.0319753692094
729,-29.824269341256606,18.057765807011478,-11.766503534245128,131.62711797988229
730,-29.778501552533317,18.545302928773516,-11.233198623759801,135.18088575667042
731,-29.74049549117518,18.769751802592634,-10.970743688582548,136.81694409912438
732,-29.6994752639327,18.13785167277801,-11.561623591154692,132.21088187484204
733,-29.64460380665127,17.650743401637115,-11.993860405014154,128.66024008672318
734,-29.5905861336567,16.430022886859472,-13.160563246797228,119.76213359136091
735,-29.544765377369515,15.618584748591712,-13.926180628777804,113.84737842725997
736,-29.51342738433394,17.12536862634932,-12.38805875798462,124.83066513988177
737,-29.48613862244168,17.721631985552918,-11.764506636888761,129.1769629248768
738,-29.45147938615939,17.04924538416164,-12.402234001997751,124.2757856997819
739,-29.41458100421794,18.035503771478073,-11.379077232739867,131.46484499390246
740,-29.379106879377606,17.164585404201052,-12.214521475176554,125.11652505745121
741,-29.354485414831622,16.127743373555226,-13.226742041276395,117.55875020574018
742,-29.323823865884208,15.367154339932618,-13.95666952595159,112.01464560648928
743,-29.284891361933067,16.32791834267116,-12.956973019261905,119.01787059516354
744,-29.26092304901761,14.981688746985132,-14.279234302032478,109.2049001694107
745,-29.247843403478754,15.671728067740627,-13.576115335738127,114.23475203782816
746,-29.235783863843416,15.150316110285646,-14.08546775355777,110.43406296180748
747,-29.23055878263769,15.812334992919604,-13.418223789718086,115.25966755213477
748,-29.23371626429181,17.392034819547952,-11.841681444743859,126.77445502222554
749,-29.252026007551013,17.364338470408224,-11.887687537142789,126.57257010164408
750,-29.275618185185348,17.379349201813096,-11.896268983372252,126.68198670028147
751,-29.282905861434433,16.954458367662816,-12.328447493771616,123.5848618093631
752,-29.310821435359905,17.185916234994867,-12.124905200365038,125.27201028256229
753,-29.333613510218676,16.739632941233772,-12.593980568984904,122.01895094021921
754,-29.36282246247716,17.180348157906373,-12.182474304570786,125.23142331584219
755,-29.41761291961513,19.522334114458165,-9.895278805156966,142.30268590196874
756,-29.48089413519441,20.984150329861393,-8.496743805333018,152.95819320592742
757,-29.56858293240084,20.734216274585652,-8.834366657815188,151.13636764164877
758,-29.64817955749326,20.426312812246643,-9.221866745246619,148.89199002612034
759,-29.722049705188542,19.743865407068746,-9.978184298119796,143.91747733853543
760,-29.782901363345637,20.11964373056664,-9.663257632778997,146.65661008895214
761,-29.85419540736654,22.26855605125907,-7.585639356107471,162.32051550156842
762,-29.935917533709453,22.68321208084342,-7.252705452866035,165.34303659916603
763,-30.022387661187302,23.03796578409532,-6.984421877091982,167.92891616205233
764,-30.101832439805516,23.688631142976124,-6.413201296829392,172.67176236319045
765,-30.179239190419455,22.97780901056784,-7.2014301798516165,167.4904199044856
766,-30.25102171184659,25.036599140180535,-5.214422571666056,182.49740438875259
767,-30.327444644499046,25.86312178369913,-4.464322860799918,188.52211390565324
768,-30.406759654080155,28.684041614758247,-1.722718039321908,209.08443326359043
769,-30.48021448377035,29.36150106648455,-1.1187134172858002,214.02258763617294
770,-30.55188854032645,28.673462824789475,-1.8784257155369737,209.0073220832714
771,-30.619620575927232,29.823497798300014,-0.7961227776272182,217.39018576403117
772,-30.678888932755633,29.48780848642865,-1.191080446326982,214.94327083942179
773,-30.73621346670351,31.383585031528593,0.6473715648250824,228.76201262798094
774,-30.808680620456098,34.00546232901973,3.1967817085636305,247.87346617400271
775,-30.88400586492248,31.832355586677334,0.9483497217548553,232.03320217821445
776,-30.961739840689756,32.125669844584465,1.1639300038947091,234.17123580005557
777,-31.050613051724753,32.490569502733216,1.439956451008463,236.83107151103346
778,-31.14352888508944,32.82571414583256,1.6821852607431218,239.27401622241268
779,-31.233364080052564,34.07934088780275,2.845976807750187,248.41198361171035
780,-31.314277952204762,33.62722264446892,2.3129446922641606,245.11639200906305
781,-31.39280610950874,35.53441165531402,4.141605545805277,259.018321828253
782,-31.47116790015334,37.04263337032794,5.571465470174601,270.0120892601507
783,-31.551772069041007,36.319073822731255,4.767301753690248,264.73790091620845
784,-31.62861756037244,35.63568600382229,4.007068443449853,259.7565333413439
785,-31.690358489236527,34.958449070564754,3.2680905813282273,254.82000095594702
786,-31.746483037391393,33.96338256400632,2.216899526614924,247.56673729883724
787,-31.79755688376289,34.409747875531274,2.612190991768383,250.82039448711518
788,-31.843090412033135,33.87421637193817,2.031125959905033,246.91678486238388
789,-31.885215122312857,37.11021134398197,5.224996221669116,270.50468031521615
790,-31.922468837212154,38.83570859039772,6.913239753185568,283.08221798268005
791,-31.957021984848534,39.00094224457939,7.043920259730857,284.28664326572215
792,-31.98300572128378,38.29648060896366,6.313474887679881,279.15166389925537
793,-32.00375092547086,38.202642339207415,6.198891413736554,278.467655637312
794,-32.020041738950695,38.41954427760199,6.399502538651298,280.0487026693896
795,-32.03697849963226,38.54315542483081,6.506176925198545,280.9497321341531
796,-32.049369085166,38.651928616432826,6.602559531266827,281.74260440180035
797,-32.05692817578502,37.031899742501466,4.974971566716448,269.93384943184816
798,-32.06029491798901,35.82618233464143,3.7658874166524186,261.1451039585201
799,-32.069243068128834,35.04689597145192,2.977652903323083,255.46471031714108
800,-32.07200307587063,33.672592746202284,1.600589670331651,245.44710488890874
801,-32.07217546096214,32.013354298209364,-0.05882116275277838,233.3525425114346
802,-32.069878932416444,30.840825783035584,-1.22905314938086,224.80571834442551
803,-32.06116638241574,32.53321141408675,0.47204503167100853,237.1418979973555
804,-32.04166043502089,31.985853839288126,-0.055806595732761366,233.15208547873115
805,-32.01525370761118,30.47516570063604,-1.5400880069751395,222.14033972998752
806,-31.992023004194245,31.130885476191942,-0.8611375280023026,226.92002871151846
807,-31.966269239155537,32.06601153504554,0.09974229589000316,233.73637295865626
808,-31.939687838720666,32.381422056668896,0.4417342179482304,236.035471218403
809,-31.914977796980928,29.634209977999078,-2.2807678189818503,216.01042425193802
810,-31.890318354061595,28.601839612584214,-3.2884787414773804,208.48524437422392
811,-31.866286005209133,28.982400351752638,-2.8838856534564954,211.25923722851067
812,-31.84545602329429,29.007577364820065,-2.8378786584742244,211.44275814160835
813,-31.82384165022713,28.37660332159743,-3.4472383286297017,206.8434463708653
814,-31.80341375666044,28.310888186980463,-3.4925255696799766,206.36443396868142
815,-31.786814542979375,25.462747766274482,-6.324066776704893,185.60369760815254
816,-31.76963375334309,25.01223230079552,-6.757401452547569,182.31978901391574
817,-31.75004371982126,25.666818723975904,-6.083224995845356,187.09121673497626
818,-31.737793123048696,25.752686886809126,-5.98510623623957,187.71712909427686
819,-31.726946383979268,25.39652804209934,-6.330418341879927,185.12100713914603
820,-31.71999634313854,26.15284159463694,-5.567154748501601,190.63394679478142
821,-31.716622823462608,27.397014142793793,-4.319608680668814,199.7030004381721
822,-31.710678598497474,26.491550927686017,-5.2191276708114565,193.10287533326246
823,-31.707581024104,25.53063275382126,-6.176948270282743,186.0985265565606
824,-31.70694517081837,25.507252908086972,-6.199692262731396,185.92810560051834
825,-31.708940604996517,27.920349483012608,-3.7885911219839095,203.51770948392107
826,-31.714546122724855,28.15731665722193,-3.5572294655029246,205.2450165345474
827,-31.719352490713355,27.325630389864187,-4.393722100849168,199.1826682016634
828,-31.72338710372399,26.672406090077136,-5.0509810136468545,194.4211693044958
829,-31.720484794797095,25.708285168288583,-6.012199626508512,187.39347497755642
830,-31.71662817964857,25.583066347373336,-6.133561832275234,186.4807268175646
831,-31.71255632616846,24.652396437394092,-7.060159888774368,179.69686444220918
832,-31.711234664371883,24.067189101449404,-7.644045562922479,175.43115649836295
833,-31.709808598447275,25.555071872907256,-6.154736725540019,186.2766687944009
834,-31.708096139366297,25.328774928185126,-6.379321211181171,184.62713944731738
835,-31.708452404508073,24.772145747416356,-6.936306657091716,180.56974410665748
836,-31.712587853075284,25.450490104397772,-6.262097748677512,185.51434875274893
837,-31.716688079434096,26.147451516560476,-5.56923656287362,190.59465730290992
838,-31.722543560054405,26.503460433777633,-5.219083126276772,193.1896864028132
839,-31.72703703196334,25.45399617934054,-6.2730408526228025,185.53990532187657
840,-31.733258413742817,24.161765772522855,-7.571492641219962,176.1205471336483
841,-31.733937355346168,22.05296765185365,-9.680969703492519,160.74904315073016
842,-31.735830509824638,23.48247860304049,-8.253351906784147,171.1690701151038
843,-31.73637274215913,24.292192996803788,-7.444179745355342,177.07126051766775
844,-31.734794469101907,24.18422524032724,-7.550569228774666,176.2842592478737
845,-31.736331185093324,24.63171894209417,-7.104612242999153,179.54614152651413
846,-31.734761171763797,24.220447498889435,-7.514313672874362,176.54829144057234
847,-31.733717228042725,22.842619607313107,-8.891097620729617,166.50499392643184
848,-31.73152516240442,23.305519178870178,-8.426005983534242,169.8791730563063
849,-31.73021614243398,24.31487645319561,-7.4153396892383725,177.23660533510463
850,-31.73263384648176,22.771928805840147,-8.960705040641614,165.98971276900534
851,-31.734390118952987,22.615755918515003,-9.118634200437985,164.85133345426067
852,-31.7326524085819,23.686885549446178,-8.045766859135721,172.65903833919066
853,-31.731386180418774,24.338529096286095,-7.392857084132679,177.40901477245586
854,-31.73019676609762,23.21440494174113,-8.51579182435649,169.21502088109233
855,-31.730562756557916,21.831930013209284,-9.898632743348632,159.1378500689958
856,-31.730255839673134,22.51045960548792,-9.219796234185214,164.08380493684678
857,-31.7339118958103,21.16944146068592,-10.564470435124381,154.30882194916848
858,-31.739825635378764,20.572480821048018,-11.167344814330747,149.95744153019913
859,-31.748147721415723,20.20493195576321,-11.543215765652512,147.2782951523327
860,-31.757658970152864,19.272368567267495,-12.485290402885369,140.48063078603647
861,-31.771514395416986,18.383495421221223,-13.388018974195763,134.00143442729572
862,-31.787542365904805,20.14149676942673,-11.646045596478075,146.81590180615552
863,-31.80313955774663,20.732832132921086,-11.070307424825543,151.1262783216227
864,-31.817015236862,21.11269110701776,-10.704324129844242,153.89515585240372
865,-31.83409312225707,21.725903231046065,-10.108189891211005,158.36499699769246
866,-31.850065629267785,22.792995814273905,-9.05706981499388,166.1432749335737
867,-31.867008421674544,23.252170464984992,-8.614837956689552,169.49030227729148
868,-31.881782980867463,22.230469238042073,-9.65131374282539,162.04289215046455
869,-31.892103000271536,22.121817574419865,-9.770285425851672,161.2509057276061
870,-31.904137008380882,20.66292284116702,-11.241214167213862,150.61669376437754
871,-31.915724280900005,19.772600689463047,-12.143123591436957,144.12693527737034
872,-31.92351428976234,21.496932330527663,-10.426581959234678,156.6959765851676
873,-31.931939329338373,21.75882613305508,-10.173113196283293,158.60497943811694
874,-31.940016615174297,21.041689200308372,-10.898327414865925,153.37760697890994
875,-31.94647084906315,19.95161067703297,-11.99486017203018,145.43177935416608
876,-31.955150156130173,18.794247033969977,-13.160903122160196,136.99549535208158
877,-31.96414071537195,20.0364462068556,-11.92769450851635,146.05016461910918
878,-31.9751083343911,20.710990107333423,-11.264118227057676,150.96706688263998
879,-31.987952284375133,20.601177966791585,-11.386774317583548,150.16662148240607
880,-32.00102044196886,21.51843407716218,-10.482586364806682,156.85270765429775
881,-32.01161283754266,21.200444735883774,-10.811168101658883,154.5348117978488
882,-32.019857928676785,20.205892369545914,-11.813965559130871,147.28529582448874
883,-32.02974893200485,20.596554663420136,-11.433194268584714,150.13292118388438
884,-32.038785749690696,20.672757248573877,-11.36602850111682,150.68837897271612
885,-32.04356837195615,20.758428053523286,-11.285140318432862,151.3128527459959
886,-32.04738101412712,20.326298286202523,-11.721082727924596,148.1629616424318
887,-32.053182351526715,19.388711976108414,-12.6644703754183,141.3286840704433
888,-32.06348090041301,21.79256260189704,-10.270918298515973,158.85089215024
889,-32.06933728186101,20.491474382027196,-11.577862899833814,149.36696736965908
890,-32.07487830373893,19.3243209684778,-12.750557335261128,140.85932352779258
891,-32.07878581635842,20.670663070944844,-11.408122745413575,150.67311404078634
892,-32.08539025562491,21.748903575162583,-10.336486680462325,158.53265168105463
893,-32.088861534590144,22.311131494216244,-9.7777300403739,162.63085748479395
894,-32.09073404604391,23.443986246325096,-8.646747799718817,170.8884906661925
895,-32.09300387428202,22.867875068150067,-9.225128806131952,166.68908666297247
896,-32.093878720972675,23.12219963604191,-8.971679084930766,168.54291566157892
897,-32.09598186904629,25.13200664577456,-6.963975223271731,183.19285116379683
898,-32.09777759820403,24.651971520065462,-7.44580607813857,179.69376712419407
899,-32.10144662531492,22.498936374886014,-9.602510250428907,163.99980951625284
900,-32.10905590470843,22.297007084437855,-9.812048820270572,162.52790148391512
901,-32.120477316961384,22.081522954138073,-10.038954362823311,160.95718917404847
902,-32.13491522916252,23.72753226205298,-8.407382967109545,172.95532137292633
903,-32.15062316679703,22.61978431274097,-9.530838854056064,164.88069732616583
904,-32.17140309716756,23.375638351825803,-8.79576474534176,170.39028748485308
905,-32.190738412890944,24.82006150522472,-7.370676907666223,180.91901284640866
906,-32.21262116791829,23.99943136074201,-8.213189807176281,174.9372550807978
907,-32.23561696704603,22.67608124666175,-9.559535720384279,165.29105834437212
908,-32.260559197053674,23.518546009437824,-8.74201318761585,171.43197355553093
909,-32.2839946741465,23.682005416334857,-8.601989257811642,172.62346595090816
910,-32.30690349928896,23.482778023676985,-8.824125475611972,171.17125265949312
911,-32.33111787398299,26.37779814693372,-5.953319727049269,192.27370571988712
912,-32.35384625791552,25.990241372553754,-6.363604885361767,189.4487171908296
913,-32.3770993319946,25.689986849023114,-6.687112482971486,187.26009441129312
914,-32.403596117735184,27.060818358773187,-5.342777758961997,197.2523937241102
915,-32.431975987546814,27.386687537369063,-5.04528845017775,199.62772748773625
916,-32.460733560773335,27.386952849632827,-5.0737807111405075,199.62966140852234
917,-32.493500944652276,28.798107787130654,-3.6953931575216217,209.91588725899814
918,-32.52620292395579,28.84387099612787,-3.6823319278279243,210.24946558613956
919,-32.556449011385475,29.10650718830753,-3.449941823077946,212.16387988430242
920,-32.58604056726374,28.827366487911647,-3.7586740793520903,210.12916051222325
921,-32.61236590825003,28.438761801363977,-4.173604106886049,207.2965335155942
922,-32.64034776996962,27.87321928883527,-4.767128481134353,203.17416689422893
923,-32.66805244126936,27.263064079427085,-5.404988361842275,198.72660828741465
924,-32.69621818693648,30.437476772208807,-2.2587414147276696,221.86561665064067
925,-32.724286142461196,31.3864551921932,-1.3378309502679961,228.78293387485382
926,-32.751915320848845,32.667649885500865,-0.08426543534798014,238.12185026426272
927,-32.780625872789834,31.856833674062766,-0.9237921987270674,232.21162846475724
928,-32.80714872602008,32.89504739003036,0.08789866401028235,239.77940183940902
929,-32.83049321916169,33.062781931719186,0.23228871255749794,241.00205665419256
930,-32.85738475555055,35.27430934098567,2.416924585435119,257.12237753587306
931,-32.88285333284775,35.03189082316961,2.1490374903218594,255.3553344151403
932,-32.90805791038331,35.87032873257343,2.9622708221901135,261.46689698602324
933,-32.93362161962158,35.19661259708153,2.2629909774599497,256.5560284877227
934,-32.9592251678091,35.53231473955237,2.5730895717432674,259.0030369374586
935,-32.984123454464935,34.78456291609061,1.8004394616256718,253.5525056514532
936,-33.0081568778701,32.99406140548644,-0.014095472383658603,240.50113727630557
937,-33.031590881610946,32.045080231728654,-0.9865106498822911,233.58379997921855
938,-33.05386231730862,33.36775023112507,0.3138879138164512,243.2250392066873
939,-33.07509564189486,34.41651957939667,1.3414239375018084,250.8697549602292
940,-33.09408373165021,32.49762441612588,-0.5964593155243278,236.8824963621141
941,-33.119069058390636,32.6871452696023,-0.4319237887883389,238.26395650545595
942,-33.14401997080751,32.86617846552232,-0.27784150528519547,239.56896975313745
943,-33.1697965335035,33.972419211031045,0.8026226775275447,247.63260745225372
944,-33.199807840715025,33.62865166020462,0.42884381948959316,245.12680842629027
945,-33.22552107601558,32.82920683603182,-0.39631423998375936,239.29947522713334
946,-33.25615815918545,34.499721946354356,1.2435637871689025,251.47623573358663
947,-33.28937144446658,34.91418007823484,1.6248086337682608,254.49731431029366
948,-33.319762307172375,34.00110293718591,0.681340630013537,247.84168958605918
949,-33.35212029433411,34.53250715856654,1.1803868642324318,251.71521452210172
950,-33.38620245699383,34.46689678976513,1.0806943327713014,251.23696578151979
951,-33.41352587252281,32.67650268868236,-0.7370231838404493,238.18638033854083
952,-33.43992695167278,32.28674975810193,-1.1531771935708548,235.3453835328011
953,-33.46730427443974,31.32158539757547,-2.1457188768642723,228.31008334612653
954,-33.492980045497504,31.729288236142743,-1.7636918093547607,231.28192106992682
955,-33.51904204029362,29.182283765821722,-4.336758274471897,212.7162324075974
956,-33.541211212608395,28.383034744000646,-5.158176468607749,206.89032645583785
957,-33.56032017464699,27.743819279827584,-5.816500894819406,202.23094111346046
958,-33.58365284376225,28.1880570244525,-5.395595819309751,205.46908998789965
959,-33.605304925003345,27.268233486783423,-6.3370714382199225,198.764289260756
960,-33.629097500062635,27.710273458508286,-5.918824041554348,201.98641807402595
961,-33.65113850369925,27.955036403931558,-5.6961020997676926,203.77055025508585
962,-33.67543947665079,26.497383253502786,-7.178056223148001,193.14538846841916
963,-33.698517902902395,24.8075749785817,-8.890942924320694,180.82799574422864
964,-33.71792343475263,24.999100580825274,-8.718822853927353,182.2240689524045
965,-33.73926808896413,26.15637674619839,-7.582891342765741,190.6597153099249
966,-33.76291392870975,27.324754165499915,-6.4381597632098355,199.176281205121
967,-33.784586796773205,25.63042306025999,-8.154163736513215,186.82592055309584
968,-33.802167177908956,23.990612289782856,-9.8115548881261,174.8729708882781
969,-33.82349168132226,24.033869883971832,-9.789621797350428,175.1882852253168
970,-33.84629956147706,24.21179388645818,-9.634505675018879,176.48521331249083
971,-33.865555944764175,23.960566341039115,-9.90498960372506,174.6539592075211
972,-33.88474931010149,24.505797271982196,-9.378952038119294,178.6282701405857
973,-33.904413086873866,24.001776628895563,-9.902636457978303,174.95435026805634
974,-33.923479655764794,25.644422762513063,-8.279056893251731,186.92796753276335
975,-33.94277633258831,26.236764135195457,-7.706012197392852,191.24567707555502
976,-33.96500808167801,27.087110108313176,-6.877897973364831,197.44404020217306
977,-33.98342854952544,26.5201738731391,-7.463254676386342,193.31151442285693
978,-34.00002743511779,26.47523564005964,-7.524791795058146,192.9839495308003
979,-34.01568341761704,29.028740687348705,-4.986942730268336,211.5970223612851
980,-34.030683250532604,30.325577705009394,-3.7051055455232103,221.04995917243937
981,-34.04726413629821,30.037551315413555,-4.009712820884655,218.95047001249412
982,-34.070903235995615,32.4543880530597,-1.6165151829359132,236.56733678350645
983,-34.092299037107836,31.0445105791071,-3.047788458000735,226.29042265224217
984,-34.11057454341257,31.369338367732553,-2.741236175680015,228.65816549006018
985,-34.1306075438793,32.88712177040212,-1.2434857734771825,239.72163021466764
986,-34.14991448173984,32.08642008395091,-2.0634943977889293,233.88513546356828
987,-34.17560133092854,32.11583198957584,-2.0597693413526983,234.099525461372
988,-34.20354985553495,31.44323253829227,-2.7603173172426807,229.1967967255208
989,-34.22862868338524,31.700028764368476,-2.528599919016763,231.0686421967583
990,-34.254049182900154,32.2107501512367,-2.0432990316634516,234.7914052983847
991,-34.283649136153485,31.707966748848275,-2.5756823873052106,231.12650395168475
992,-34.312734408493476,32.394776430228795,-1.9179579782646812,236.13281425202644
993,-34.34036555790304,32.8126683198231,-1.5276972380799378,239.17892226130786
994,-34.36574431909014,32.46276080241019,-1.902983516679953,236.62836763739784
995,-34.39108914275459,33.08441813663738,-1.306671006117206,241.1597678200057
996,-34.41845222757836,35.673949102341005,1.2554968747626418,260.03544167567634
997,-34.443843980088644,36.01669589440767,1.572851914319024,262.5338001613682
998,-34.4693230228295,37.53423103147473,3.064908008645233,273.5954552221391
999,-34.492734815974885,35.57554199229988,1.082807176324998,259.3181301089036
1000,-34.516255829657084,34.70127023704686,0.18501440738977948,252.94536657298016
