#"Step","Potential Energy (kJ/mole)","Kinetic Energy (kJ/mole)","Total Energy (kJ/mole)","Temperature (K)"
20,148.94555133481367,245.021580371937,393.9671317067507,1227.8869827082474
40,220.80815742021102,173.05179119478987,393.8599486150009,867.221741937491
60,154.19596775191582,239.10779006354926,393.3037578154651,1198.2509558443573
80,161.29387236770705,230.5251614421918,391.8190338098989,1155.2404669495145
100,172.99902740819448,218.39368673034974,391.3927141385442,1094.4454959224186
120,181.51507160466457,209.50830965056383,391.0233812552284,1049.9178309054766
140,251.1740472900343,139.62052459329934,390.7945718833337,699.6862252164474
160,246.08097846307962,144.8284457067786,390.9094241698582,725.7849000046255
180,222.02410478804774,168.02535291664194,390.04945770468964,842.0325397384215
200,199.82613505142191,191.41403425556308,391.24016930698497,959.2412252557474
220,195.77918214082143,193.9724503900856,389.75163253090705,972.0623239653481
240,182.19543760619584,206.60257938865902,388.79801699485483,1035.3562222568085
260,155.49144434312575,233.78759203375535,389.2790363768811,1171.589623008704
280,207.42215993867484,182.2185038704685,389.64066380914335,913.1592758951392
300,179.61608903919807,210.72072949823678,390.33681853743485,1055.9936816377872
320,121.76964403715394,267.42484519198325,389.19448922913716,1340.1574088517034
340,126.25324143162426,262.9867709155659,389.24001234719015,1317.9166999964546
360,130.339915237074,259.5137141168067,389.8536293538807,1300.5120239392297
380,98.65955355337672,290.9218963586922,389.58144991206893,1457.9091726589375
400,185.62099453210732,200.9546666671196,386.57566119922694,1007.0525989607567
420,103.38632926634565,282.8319642681233,386.2182935344689,1417.3677546747565
440,134.9968301176691,250.46020617601155,385.45703629368063,1255.1417976453938
460,115.68687269185084,270.788089581794,386.47496227364485,1357.0117773511897
480,139.44099819017143,244.56140894634157,384.002407136513,1225.5809062294115
500,97.12981264825021,282.78649589264194,379.91630854089215,1417.1398970864832
520,164.43013260310804,216.35493758113046,380.7850701842385,1084.228626300021
540,161.4855787418891,216.65239439895223,378.1379731408413,1085.7192842003037
560,103.59752338537035,271.8220549879083,375.4195783732787,1362.193331811867
580,133.13446273616438,243.55606665275494,376.69052938891934,1220.5427919800982
600,161.67618559003793,214.5749497460845,376.25113533612245,1075.3084981679838
620,173.52945777028688,204.0305850148226,377.5600427851095,1022.4670783436942
640,149.13764481402242,229.8276885586441,378.9653333726665,1151.7451916631492
660,119.14526480469839,262.54709361918344,381.69235842388184,1315.7133266119515
680,166.66109980164129,214.49163122086134,381.1527310225026,1074.8909605274841
700,190.50893696967012,188.81358191693764,379.3225188866078,946.2094687430989
720,162.44307398372152,217.49395078780162,379.93702477152317,1089.9366112353941
740,122.22986901249102,258.3628315460643,380.5927005585553,1294.744557558941
760,172.32688524599652,208.93673076255496,381.2636160085515,1047.053453510181
780,206.5987774682526,175.12368556052252,381.7224630287751,877.604713581735
800,173.1745245411729,207.1606110728616,380.33513561403447,1038.152709978139
820,146.31410050931314,234.57600693723373,380.89010744654684,1175.5406398762173
840,149.06150753852035,228.85078113033785,377.9122886688582,1146.8495742538278
860,194.05187303065068,182.52526353112637,376.577136561777,914.6965535241956
880,192.66130070620545,182.5755929026893,375.2368936088948,914.9487712272085
900,190.89459282294376,185.28140132571505,376.1759941486588,928.5085031303832
920,200.6558907785881,174.94913579039851,375.6050265689866,876.7299849547928
940,199.62055075780847,173.59480787576962,373.2153586335781,869.9429843397168
960,186.40251563284477,186.90201146082373,373.3045270936685,936.6299350708855
980,186.20800091983256,189.03128030747303,375.2392812273056,947.3004298718663
1000,191.3384380245929,185.56174899808514,376.90018702267804,929.9134212482618
1020,204.5227963548069,171.9674402754382,376.49023663024514,861.7876884286593
1040,218.7497115766934,158.81510000764214,377.56481158433553,795.876810772652
1060,170.08561829225263,209.2276525275201,379.3132708197727,1048.511362024382
1080,186.095647890698,192.13027829220178,378.2259261828998,962.8305692135166
1100,201.80813639301502,173.52415974569905,375.33229613871407,869.5889423849851
1120,170.8321876437118,204.16579804799494,374.99798569170673,1023.1446771212092
1140,184.9633176647243,188.8583040726403,373.8216217373646,946.4335867687137
1160,223.9012964681895,147.91114363520526,371.8124401033948,741.2333541864609
1180,177.98095907594114,194.3391276527741,372.32008672871524,973.8998692012691
1200,158.03317247934132,213.92299002950017,371.9561625088415,1072.0413049353351
1220,170.44475825012628,204.7282684436512,375.1730266937775,1025.963408744508
1240,191.1023603097744,184.32195730937983,375.42431761915424,923.7004008542203
1260,175.6164594437015,201.51224375621706,377.12870319991856,1009.8468085504584
1280,111.31287244498506,265.31703356457075,376.62990600955584,1329.5944435187228
1300,131.60502689985412,241.55080823442222,373.15583513427634,1210.4937558703023
1320,168.6937760285612,202.08688613507232,370.7806621636335,1012.7265381466752
1340,179.1713965865717,189.27255322111932,368.443949807691,948.5095310028634
1360,143.3254275636771,225.75998141779397,369.08540898147106,1131.360519259447
1380,150.65618841539714,217.4611288318092,368.1173172472063,1089.772129182634
1400,158.14077182470717,209.79800133959085,367.938773164298,1051.3695750882341
1420,166.88714624780135,200.41990438641062,367.307050634212,1004.3727221828451
1440,152.995528828598,216.78514566747043,369.7806744960684,1086.3845462327504
1460,156.9374808847304,211.8897548669872,368.8272357517176,1061.8520677871436
1480,144.1239344735389,225.07470911451279,369.1986435880517,1127.9263852556905
1500,151.41020382732,216.8733790117103,368.2835828390303,1086.8267137131352
1520,148.15450276163065,219.17764363027206,367.3321463919027,1098.3741722086368
1540,153.37728169423423,214.4735308200173,367.8508125142515,1074.800253225113
1560,134.2743792477031,231.9725338081198,366.2469130558229,1162.4937451487526
1580,113.32681255120454,252.7584583088186,366.0852708600231,1266.6591255173776
1600,160.926542416439,203.83008138201467,364.7566237984537,1021.4622860297402
1620,196.72792728835523,166.96884070652007,363.6967679948753,836.7379955276147
1640,139.58720697292515,221.19409108471262,360.78129805763774,1108.479280407124
1660,94.95995130228101,263.21539676614225,358.17534806842326,1319.0624223667337
1680,184.03211090085404,172.1320211682312,356.1641320690852,862.6124596000649
1700,174.0121240375108,182.71994927925644,356.73207331676724,915.6721904272179
1720,135.23712190748765,219.75915876037445,354.9962806678621,1101.2883435131264
1740,124.75416121548021,231.13125421232368,355.8854154278039,1158.2778052183673
1760,117.96823213432741,235.44590608363453,353.4141382179619,1179.9000021679515
1780,134.46411199086475,213.93306005737216,348.39717204823694,1072.0917692908451
1800,134.3196279255042,211.46299580310355,345.78262372860775,1059.7134320861571
1820,164.05748563947148,178.8104576242607,342.8679432637322,896.0803899625859
1840,179.77054918914848,163.5624478757452,343.3329970648937,819.6673954255747
1860,141.33754257593813,203.12344364181257,344.4609862177507,1017.9210825105749
1880,128.14109035454968,215.58378057246142,343.7248709270111,1080.3640946488433
1900,149.29083660969408,194.97222167774405,344.2630582874381,977.0725199976232
1920,175.17511462071099,170.3040155426187,345.4791301633297,853.451697888383
1940,164.0701207877463,181.28830756974472,345.358428357491,908.4977439301249
1960,217.3805128079078,128.347913871212,345.7284266791198,643.195315535033
1980,151.8840441817233,193.6178859758951,345.5019301576184,970.2854803581228
2000,168.53112945859309,177.57037771347254,346.1015071720656,889.865925189061
2020,97.07963064842606,249.1160100898549,346.195640738281,1248.4055710897833
2040,104.09991202576627,243.22233768608604,347.3222497118523,1218.8703619300456
2060,112.68116326236856,235.40890510405572,348.09006836642425,1179.714577597988
2080,139.74581449844993,206.90786539119094,346.6536798896409,1036.8861148807273
2100,130.1280439960845,220.23400902827387,350.3620530243584,1103.6679806936725
2120,132.55006886505063,218.09561401321,350.64568287826063,1092.9517515399002
2140,106.78867527280426,246.0741727540596,352.86284802686384,1233.1618833196312
2160,164.1972501925154,186.37450811372437,350.57175830623976,933.9864352932124
2180,156.09467835509508,194.01487931389852,350.1095576689936,972.2749498212467
2200,176.56083466466504,173.63669701418036,350.1975316788454,870.1529051462569
2220,102.47946296284248,248.82825461023356,351.30771757307605,1246.9635299149052
2240,128.77685484065677,219.36376455741038,348.14061939806714,1099.3068878628899
2260,117.93517726701036,227.2737275106332,345.20890477764357,1138.9464189165358
2280,150.4985740701903,195.82819109074774,346.32676516093807,981.3620756287158
2300,135.62706212079215,209.09811622838922,344.72517834918136,1047.8622113036595
2320,156.2975735453274,186.15407113061082,342.4516446759382,932.881750139922
2340,161.45261920126842,182.70439963915314,344.15701884042153,915.5942658597588
2360,150.34273560801367,193.76164824653793,344.1043838545516,971.0059222900496
2380,129.81845549832994,215.33515917364906,345.15361467197897,1079.118167744115
2400,163.6269091275065,177.1881882149993,340.8150973425058,887.9506428315203
2420,187.0038051565508,153.5978263207022,340.601631477253,769.7312670385234
2440,177.47849331324818,164.3558525037648,341.83434581701295,823.6434175101884
2460,154.2868210763623,189.27000611809132,343.5568271944536,948.4967665980017
2480,146.68213602136885,196.10679211816674,342.7889281395356,982.7582407110634
2500,154.05740924334324,187.64895532040788,341.7063645637511,940.3731263465478
2520,140.23522724505224,201.68644776143125,341.9216750064835,1010.719804431121
2540,151.35998125998265,194.24371525869068,345.60369651867336,973.421725045533
2560,151.77611133428206,194.24287434485214,346.0189856791342,973.4175109385375
2580,150.0934695040912,197.18313960305474,347.27660910714593,988.1521862711179
2600,194.10814311728194,152.4727496577118,346.58089277499374,764.0931228924537
2620,198.16461332435168,150.30026371988964,348.46487704424135,753.2060524592322
2640,188.0227079652644,161.25721757484828,349.2799255401127,808.1150975654467
2660,105.27599846750827,245.94563176426502,351.2216302317733,1232.517720434576
2680,131.3304908335734,221.210650665335,352.5411414989084,1108.5622661321138
2700,118.37323498796071,236.36726030240843,354.74049529036915,1184.5172234346599
2720,145.46906468707945,209.5244926575433,354.9935573446228,1049.9989294910827
2740,144.92964941009802,210.05498073885792,354.98463014895594,1052.657386793249
2760,76.59064545932722,261.3694597543121,337.96010521363934,1309.8118003428085
2780,138.25034236462875,257.4766023160765,395.72694468070523,1290.3033596303922
2800,143.45860281765363,251.80195754566765,395.26056036332125,1261.8657728900673
2820,165.4597223337611,233.22157594812157,398.6812982818827,1168.7531227196346
2840,153.52054344641573,245.79584561450727,399.31638906092303,1231.7670907831048
2860,127.89448755999055,270.14488114721024,398.03936870720077,1353.7884397872306
2880,126.38381645683862,271.7211245394717,398.10494099631035,1361.6875347975547
2900,152.49454174454942,244.7033608519793,397.1979025965287,1226.2922758028124
2920,247.97544107951708,149.6128635291727,397.5883046086898,749.7612548833971
2940,222.78121700856948,173.42409500503433,396.2053120136038,869.0874837285526
2960,198.4995172964564,197.79734864957436,396.2968659460307,991.2301979782429
2980,108.9824951622775,286.0292565924207,395.01175175469825,1433.3904805871368
3000,115.47227712179647,278.5766776880097,394.04895480980616,1396.043057513457
3020,98.76753347579273,293.4378827297435,392.2054162055362,1470.5176413048243
3040,140.08791341825545,253.34250156274467,393.4304149810001,1269.5859661154416
3060,148.55119912608558,246.634130644501,395.1853297705866,1235.9680239195493
3080,191.1410660830458,203.2716330605146,394.4126991435604,1018.6637103963436
3100,195.0567730854183,199.7277900488742,394.7845631342925,1000.9043004041729
3120,155.4082893069565,240.87074810375904,396.27903741071555,1207.0857418470778
3140,120.79540906250057,276.55791397431886,397.35332303681946,1385.9263417472703
3160,147.78276740384862,250.1908874777501,397.9736548815987,1253.7921494907569
3180,157.53880704347395,242.29374322320922,399.83255026668314,1214.2168573226122
3200,124.90644298860892,273.65996853172624,398.5664115203351,1371.4037454920478
3220,118.10869817996289,278.5183319621011,396.627030142064,1395.750667115717
3240,123.20087297781264,272.7168042588526,395.91767723666527,1366.6772265811053
3260,145.58103197298377,249.30386882975867,394.88490080274244,1249.3469955184628
3280,181.3078268054728,214.68085458124506,395.9886813867179,1075.8392235363456
3300,174.39598338384977,220.34544047214496,394.74142385599475,1104.2264017894227
3320,113.07711635432705,281.18600375240976,394.2631201067368,1409.1192833024452
3340,124.19394291275475,269.7437017048039,393.9376446175587,1351.7779923225087
3360,109.83492781179109,282.0626786867698,391.8976064985609,1413.512601386237
3380,138.68781307982022,256.8413934575467,395.5292065373669,1287.120110679399
3400,138.04584324292023,257.48325023868176,395.529093481602,1290.3366746454071
3420,139.2556926985345,254.6547051104734,393.9103978090079,1276.1618671135247
3440,113.01590936112389,280.673647609128,393.6895569702519,1406.5516913462945
3460,190.94664040303792,201.98625885870482,392.9328992617427,1012.2222604313429
3480,202.49783590267134,189.125613542839,391.62344944551035,947.7731659939941
3500,200.7923449865177,189.07195015297629,389.86429513949395,947.5042403844196
3520,139.4723519783003,249.33819966493422,388.81055164323453,1249.51903908113
3540,161.7716854545941,227.41811430983648,389.1897997644306,1139.669990574785
3560,229.77245736769993,158.9482738713085,388.7207312390084,796.5441905739929
3580,192.15954701625893,195.5060316781104,387.6655786943693,979.7476245728787
3600,142.68628378875394,248.61818428438013,391.3044680731341,1245.910795628492
3620,135.01235160233622,255.9792939459546,390.9916455482908,1282.799835026633
3640,178.78319234023098,210.5176835492391,389.3008758894701,1054.976148907456
3660,183.1548837861652,205.6921427890853,388.8470265752505,1030.7937129157913
3680,170.251280619713,216.68039434682092,386.93167496653393,1085.8596015203223
3700,170.3584634141958,216.57572068562666,386.93418409982246,1085.3350459859985
3720,141.7439344413909,247.56603193559715,389.3099663769881,1240.6381001747468
3740,180.51332403266844,209.49363345886812,390.0069574915366,1049.8442834868715
3760,170.79444493959932,218.18561949664323,388.9800644362425,1093.4027998161878
3780,196.40214895174284,189.90634401067294,386.3084929624158,951.6856735249708
3800,184.07948558333814,202.11129049273623,386.19077607607437,1012.8488367338093
3820,187.15062168098518,197.4651012437989,384.6157229247841,989.5651925367997
3840,161.59405828203768,223.4244569193468,385.0185152013845,1119.6564068090813
3860,178.89383314530437,205.9541903465257,384.8480234918301,1032.106922895676
3880,175.56231481554875,210.43425122740993,385.99656604295865,1054.558040993224
3900,214.1511104545529,170.42771656807426,384.57882702262714,854.0716060559573
3920,206.7145359555426,179.00803062258427,385.7225665781269,897.0704958643105
3940,153.84772832752364,232.05888210365998,385.9066104311836,1162.926466005062
3960,161.71124715451475,221.11172957383096,382.8229767283457,1108.0665386929684
3980,162.30487667289492,216.94116004352958,379.2460367164245,1087.1663876574428
4000,196.62195771070046,185.21740362365762,381.83936133435805,928.1877887461225
4020,202.44200112032487,179.3643734981407,381.8063746184656,898.8562519500088
4040,198.07289154233132,181.4467375647061,379.5196291070374,909.2916908477324
4060,183.68497411152603,194.27692072078338,377.96189483230944,973.588128978593
4080,173.71469682024778,203.10136281539602,376.8160596356438,1017.810427933606
4100,146.07221967025336,231.32034037908278,377.3925600493361,1159.2253807030297
4120,132.3521592272892,247.54845299053272,379.90061221782196,1240.5500060657237
4140,185.10007406100374,194.43209915356115,379.53217321456486,974.3657812054524
4160,212.25745096444928,168.06673493509027,380.32418589953954,842.2399191932996
4180,166.72876334306048,215.61601745489534,382.3447807979558,1080.5256446977967
4200,109.74965600086485,271.2976880303288,381.04734403119363,1359.565549555313
4220,69.83509175765873,310.28303753673237,380.1181292943911,1554.9344762538485
4240,142.1120058213918,237.62731519649677,379.7393210178885,1190.831789684703
4260,204.89824650612331,175.96836311396922,380.8666096200925,881.8376818406477
4280,168.26594493437625,291.8649169841168,460.13086191849305,1462.6349717033586
4300,133.4454381264884,321.4697862872367,454.91522441372507,1610.995102214717
4320,166.1924534223017,288.0492328389037,454.2416862612054,1443.513272770059
4340,199.1692123181331,255.81910290049052,454.9883152186236,1281.9970628823462
4360,220.89616920472363,231.8561252473299,452.75229445205355,1161.9103820170124
4380,210.7561337021732,241.61899397542888,452.3751276776021,1210.8354579508346
4400,194.62365963695356,258.8835569332909,453.50721657024445,1297.3540906603546
4420,165.048634076548,285.7921276688876,450.8407617454356,1432.2021464086208
4440,206.12123417793114,242.75580892080202,448.87704309873317,1216.5324266466243
4460,257.0391454463372,191.48154726524763,448.52069271158484,959.5795560494239
4480,295.5945898120256,150.58876948431086,446.18335929633645,754.6518535679809
4500,262.2150547898852,183.10057714407765,445.31563193396283,917.5796469041557
4520,179.54909875699167,267.00102233948047,446.55012109647214,1338.033487510683
4540,202.07497403757222,243.1392482318405,445.21422226941274,1218.4539722426002
4560,168.19397100017676,276.27669831103924,444.470669311216,1384.5170738299278
4580,160.562376889411,282.60780197695635,443.17017886636734,1416.2444007280546
4600,176.60842700951372,266.7573897296539,443.3658167391676,1336.8125611346668
4620,239.1304562122425,215.63108186700265,454.76153807924516,1080.6011376217286
4640,160.06593749559448,295.15071189920775,455.21664939480223,1479.1012143827368
4660,150.0648676377433,304.4030181835311,454.4678858212744,1525.4676872024165
4680,213.6299680403942,241.46753196502442,455.0975000054186,1210.076429988203
4700,221.8562007042741,232.65569901090197,454.51189971517607,1165.917319750884
4720,245.36152246433664,209.12856045800848,454.4900829223451,1048.0147777559341
4740,271.67365748825824,180.53658643718722,452.21024392544547,904.7306121048673
4760,212.8974361712036,238.3445222712081,451.2419584424117,1194.4259597557943
4780,180.1371507927924,272.72919820713537,452.86634899992777,1366.7393368970115
4800,204.74370295389085,244.3814833019632,449.12518625585403,1224.6792372570203
4820,269.9398481655825,176.51320940295622,446.4530575685387,884.568093034668
4840,264.0372848927231,180.23166820804644,444.2689531007695,903.2025625192591
4860,213.82283093746673,232.89305915354686,446.7158900910136,1167.1068126474893
4880,202.8610941774171,242.91653526627425,445.77762944369135,1217.3378813624254
4900,229.31155417135895,217.6396095288701,446.951163700229,1090.6665570295734
4920,198.03689451125393,248.26272095326595,446.2996154645199,1244.1294472409634
4940,172.7641953945249,273.223425681873,445.9876210763979,1369.216079891673
4960,179.54341959894168,266.4258360582867,445.96925565722836,1335.151032233731
4980,209.4527965357266,236.73170807581,446.18450461153657,1186.3435959368594
5000,270.2978665790998,175.0772480562227,445.37511463532246,877.3719993573281
