#"Step","Potential Energy (kJ/mole)","Kinetic Energy (kJ/mole)","Total Energy (kJ/mole)","Temperature (K)"
10,323.848395656504,3090.1983760539947,3414.046771710499,15486.041491459786
20,172.70670997482065,3240.5520132231586,3413.258723197979,16239.51501653709
30,131.3757375880046,3280.4079189750223,3411.783656563027,16439.246598475598
40,206.70085297812972,3207.574485437132,3414.2753384152616,16074.253340284351
50,438.093419535746,2976.6526921486743,3414.74611168442,14917.025215430507
60,256.67715337551357,3161.2696427254136,3417.9467961009273,15842.203928490646
70,475.436948972827,2932.3656295376313,3407.8025785104583,14695.087590181589
80,641.5829731248328,2771.3563421387453,3412.939315263578,13888.21495556664
90,715.3230725208676,2695.573737279907,3410.896809800775,13508.442390714847
100,587.3352052897383,2815.218561036826,3402.553766326564,14108.02354359345
110,572.5341450417633,2841.252038204943,3413.786183246706,14238.486206028487
120,451.5361860756376,2967.0033871256833,3418.5395732013208,14868.669246083127
130,286.5996509925698,3134.9426552345712,3421.542306227141,15710.270385392698
140,300.865242125739,3117.1139725080234,3417.9792146337622,15620.924755487233
150,334.21155909420145,3080.5308603921117,3414.7424194863133,15437.594262369455
160,368.63738449256243,3046.0766714320816,3414.714055924644,15264.932531677932
170,404.3523081869551,3008.0764407283473,3412.4287489153025,15074.500372395483
180,284.8016249635079,3124.69494155044,3409.496566513948,15658.915585476034
190,184.89589152583795,3226.952671073076,3411.848562598914,16171.36405949023
200,170.12383294002257,3239.9367912040416,3410.060624144064,16236.431928477654
210,159.2339847563997,3243.953362613432,3403.187347369832,16256.560342232973
220,281.8673637312742,3125.1642528760744,3407.0316166073485,15661.26746512153
230,937.6320854579474,2463.897132129485,3401.529217587432,12347.431645333078
240,420.6752567802283,2987.660372399405,3408.335629179633,14972.188467863903
250,777.5030985978774,2635.1221076923102,3412.6252062901876,13205.498589024259
260,536.508605952221,2866.164276141129,3402.67288209335,14363.329954997615
270,838.7418334845373,2568.639063595111,3407.3808970796485,12872.329305347892
280,935.2664642586014,2473.707571572044,3408.9740358306453,12396.595114395192
290,244.51037992754328,3159.1659592781816,3403.676339205725,15831.661650881164
300,180.59082616315334,3230.7674011128083,3411.358227275962,16190.48097707448
310,199.70579943819132,3204.9607892522945,3404.6665886904857,16061.155214326447
320,617.89240564118,2787.1688281234237,3405.0612337646035,13967.456733680103
330,518.5063267690708,2888.5839484910434,3407.090275260114,14475.682604887703
340,285.8651513042271,3122.3203229609503,3408.1854742651776,15647.015559157922
350,359.42679230343754,3051.076138723746,3410.502931027184,15289.986573034583
360,597.986463801668,2807.1784371628646,3405.1649009645325,14067.731731626467
370,1042.8358801809245,2366.357438950939,3409.1933191318635,11858.626865894923
380,350.6928314632352,3051.374865477357,3402.067696940592,15291.483595017662
390,255.52577830309173,3148.847451784226,3404.3732300873176,15779.952078958671
400,425.9316187454491,2979.3397366966515,3405.2713554421007,14930.49091513504
410,257.8619381626157,3142.116507256128,3399.978445418744,15746.221012679378
420,345.11058766687637,3057.662526037645,3402.773113704521,15322.993213647766
430,597.5135696446843,2811.4917589105225,3409.0053285552067,14089.347262871275
440,520.2412302898812,2888.995787196797,3409.2370174866783,14477.74646956853
450,369.52226789187347,3028.241870781429,3397.7641386733026,15175.556242761295
460,310.2574420899427,3101.3720953721595,3411.6295374621022,15542.036822476686
470,539.1459078510753,2867.964488644901,3407.110396495976,14372.35143586528
480,567.1638268824686,2837.8594372276325,3405.023264110101,14221.484721623565
490,445.6733080902319,2955.7136625746684,3401.3869706649,14812.09257314881
500,385.2378269294445,3015.023462293068,3400.2612892225125,15109.314274644279
510,405.8176740775317,2996.8171575537026,3402.634831631234,15018.076251614833
520,352.52211304408803,3046.678163888514,3399.2002769326023,15267.946816200663
530,319.55880456906635,3078.549284022243,3398.1080885913093,15427.663905108226
540,278.6033858039899,3118.962432496909,3397.565818300899,15630.188021012516
550,502.7868363101882,2900.6188900803913,3403.4057263905797,14535.993815405494
560,783.1797872171911,2616.007448626354,3399.187235843545,13109.70849163624
570,584.5268352552501,2819.3592139621774,3403.8860492174276,14128.773772284467
580,254.93270037800784,3153.2821923687775,3408.214892746785,15802.17608154323
590,178.96216916712024,3220.470081116244,3399.432250283364,16138.877582951523
600,147.96073475444695,3255.1001610298554,3403.0608957843024,16312.420763399232
610,321.94041558418473,3083.614002670505,3405.55441825469,15453.044943341027
620,614.9765049163098,2787.326504804485,3402.3030097207948,13968.246905483984
630,746.1746952233623,2657.294783438574,3403.4694786619366,13316.613454414157
640,537.2746367885364,2859.824573197447,3397.0992099859836,14331.559534176038
650,326.36514749498997,3067.155597387064,3393.520744882054,15370.566242595578
660,455.3843202977103,2948.673321367841,3404.0576416655513,14776.811014240548
670,208.19758697000836,3190.9123317606927,3399.109918730701,15990.753586621317
680,151.59133666560493,3251.356744579651,3402.948081245256,16293.661222614766
690,157.5876038283438,3246.057194115149,3403.6447979434924,16267.10336179414
700,112.45193002996427,3292.7208848451337,3405.172814875098,16500.951083800894
710,169.91493824511429,3224.1082726415825,3394.0232108866967,16157.109805630775
720,395.534694876151,2993.1413716561906,3388.676066532342,14999.655630672276
730,328.852568695904,3063.7056405798658,3392.5582092757695,15353.277328500604
740,268.11551990632387,3121.4119606065,3389.527480512824,15642.463444568999
750,404.95607295907297,2983.750683808789,3388.706756767862,14952.59568048749
760,644.1627639710418,2750.2154593947116,3394.3782233657535,13782.270757978184
770,900.7338862017831,2488.680415559605,3389.4143017613883,12471.629159145616
780,423.2454592091176,2964.0313402719094,3387.276799481027,14853.775302299857
790,434.8698000946041,2963.5935063614875,3398.4633064560917,14851.581166753187
800,510.75134521967163,2891.4410861013052,3402.192431320977,14490.000699131162
810,299.0830610446992,3093.8551690931176,3392.938230137817,15504.366932689825
820,179.29698685779817,3215.6496175356165,3394.9466043934144,16114.720590443816
830,140.11827784699994,3258.527761470416,3398.6460393174157,16329.5976420909
840,149.93069098691313,3240.142950115175,3390.0736411020885,16237.465061326464
850,291.8400943897387,3104.2554135358105,3396.095507925549,15556.48611643185
860,710.7674943458146,2678.4198986324436,3389.1873929782582,13422.478635413274
870,1331.0578142749284,2053.4875787337983,3384.545393008727,10290.728936009658
880,1144.3921413596343,2250.619041293267,3395.011182652901,11278.622150932097
890,916.0519453840559,2479.576427203411,3395.6283725874673,12426.00595821642
900,616.7150809075599,2781.034600049941,3397.7496809575014,13936.716017744147
910,199.18203896293284,3190.0682235222193,3389.2502624851522,15986.523471394548
920,161.86808165437458,3235.980939569644,3397.8490212240185,16216.607802292405
930,230.57292772863252,3171.8977111541762,3402.470638882809,15895.46481618552
940,194.06972418701594,3193.355346784143,3387.4250709711587,16002.996370874449
950,260.8693683450484,3127.1946913323,3388.0640596773483,15671.442687017516
960,190.58096244001146,3209.2339341225384,3399.8148965625496,16082.569405490485
970,99.81546547314927,3288.550589644329,3388.3660551174785,16480.052307524347
980,463.3972542436136,2930.638675188279,3394.035929431893,14686.43323099379
990,250.82390418567783,3142.59455565115,3393.418459836828,15748.6166767693
1000,630.2898560868597,2767.931573811678,3398.2214298985377,13871.052269564803
