Epsilon(kCal/mol) T(Kelvin) Cv(kCal/mol*Kelvin)
2.75 10.07 1.77
2.75 10.14 1.766
2.75 10.21 1.7384
2.75 10.29 1.689
2.75 10.36 1.6201
2.75 10.43 1.5363
2.75 10.51 1.4407
2.75 10.58 1.3389
2.75 10.66 1.2337
2.75 10.73 1.1298
2.75 10.81 1.0288
2.75 10.89 0.934
2.75 10.96 0.8456
2.75 11.04 0.7656
2.75 11.12 0.6931
2.75 11.2 0.6292
2.75 11.28 0.5727
2.75 11.36 0.5238
2.75 11.44 0.4814
2.75 11.52 0.4455
2.75 11.6 0.4149
2.75 11.68 0.3895
2.75 11.77 0.3684
2.75 11.85 0.3514
2.75 11.93 0.3378
2.75 12.02 0.3274
2.75 12.1 0.3197
2.75 12.19 0.3144
2.75 12.28 0.3113
2.75 12.36 0.3101
2.75 12.45 0.3105
2.75 12.54 0.3125
2.75 12.63 0.3157
2.75 12.72 0.3201
2.75 12.81 0.3255
2.75 12.9 0.3317
2.75 12.99 0.3386
2.75 13.08 0.3461
2.75 13.18 0.3541
2.75 13.27 0.3623
2.75 13.36 0.3709
2.75 13.46 0.3795
2.75 13.55 0.3881
2.75 13.65 0.3966
2.75 13.75 0.405
2.75 13.85 0.4129
2.75 13.94 0.4206
2.75 14.04 0.4278
2.75 14.14 0.4345
2.75 14.24 0.4405
2.75 14.34 0.446
2.75 14.45 0.4509
2.75 14.55 0.4551
2.75 14.65 0.4587
2.75 14.76 0.4616
2.75 14.86 0.464
2.75 14.97 0.4658
2.75 15.07 0.4672
2.75 15.18 0.4682
2.75 15.29 0.469
2.75 15.4 0.4695
2.75 15.5 0.47
2.75 15.61 0.4706
2.75 15.73 0.4713
2.75 15.84 0.4723
2.75 15.95 0.4737
2.75 16.06 0.4758
2.75 16.18 0.4784
2.75 16.29 0.4819
2.75 16.41 0.4862
2.75 16.52 0.4916
2.75 16.64 0.498
2.75 16.76 0.5056
2.75 16.88 0.5144
2.75 17.0 0.5244
2.75 17.12 0.5355
2.75 17.24 0.5479
2.75 17.36 0.5613
2.75 17.49 0.5759
2.75 17.61 0.5912
2.75 17.73 0.6074
2.75 17.86 0.6239
2.75 17.99 0.6409
2.75 18.11 0.6577
2.75 18.24 0.6743
2.75 18.37 0.6901
2.75 18.5 0.7051
2.75 18.63 0.7185
2.75 18.77 0.7304
2.75 18.9 0.7401
2.75 19.03 0.7475
2.75 19.17 0.7523
2.75 19.31 0.7543
2.75 19.44 0.7535
2.75 19.58 0.7496
2.75 19.72 0.7427
2.75 19.86 0.733
2.75 20.0 0.7205
2.77 10.07 0.526
2.77 10.14 0.5045
2.77 10.21 0.4852
2.77 10.29 0.4686
2.77 10.36 0.4548
2.77 10.43 0.4441
2.77 10.51 0.4367
2.77 10.58 0.4327
2.77 10.66 0.4322
2.77 10.73 0.4354
2.77 10.81 0.4425
2.77 10.89 0.4533
2.77 10.96 0.4683
2.77 11.04 0.4872
2.77 11.12 0.5104
2.77 11.2 0.5376
2.77 11.28 0.5692
2.77 11.36 0.6046
2.77 11.44 0.6443
2.77 11.52 0.6874
2.77 11.6 0.7342
2.77 11.68 0.7835
2.77 11.77 0.8354
2.77 11.85 0.8883
2.77 11.93 0.9421
2.77 12.02 0.9948
2.77 12.1 1.0462
2.77 12.19 1.094
2.77 12.28 1.1379
2.77 12.36 1.176
2.77 12.45 1.2077
2.77 12.54 1.2317
2.77 12.63 1.2479
2.77 12.72 1.2557
2.77 12.81 1.2553
2.77 12.9 1.2471
2.77 12.99 1.2316
2.77 13.08 1.2098
2.77 13.18 1.1825
2.77 13.27 1.1511
2.77 13.36 1.1163
2.77 13.46 1.0796
2.77 13.55 1.0415
2.77 13.65 1.0033
2.77 13.75 0.9654
2.77 13.85 0.9286
2.77 13.94 0.893
2.77 14.04 0.8593
2.77 14.14 0.8274
2.77 14.24 0.7977
2.77 14.34 0.7698
2.77 14.45 0.7442
2.77 14.55 0.7203
2.77 14.65 0.6986
2.77 14.76 0.6784
2.77 14.86 0.66
2.77 14.97 0.643
2.77 15.07 0.6275
2.77 15.18 0.6131
2.77 15.29 0.6
2.77 15.4 0.5879
2.77 15.5 0.5767
2.77 15.61 0.5663
2.77 15.73 0.5566
2.77 15.84 0.5476
2.77 15.95 0.5392
2.77 16.06 0.5313
2.77 16.18 0.5238
2.77 16.29 0.5167
2.77 16.41 0.51
2.77 16.52 0.5035
2.77 16.64 0.4974
2.77 16.76 0.4914
2.77 16.88 0.4857
2.77 17.0 0.48
2.77 17.12 0.4746
2.77 17.24 0.4692
2.77 17.36 0.4639
2.77 17.49 0.4586
2.77 17.61 0.4535
2.77 17.73 0.4483
2.77 17.86 0.4431
2.77 17.99 0.4379
2.77 18.11 0.4327
2.77 18.24 0.4274
2.77 18.37 0.4221
2.77 18.5 0.4167
2.77 18.63 0.4112
2.77 18.77 0.4056
2.77 18.9 0.4
2.77 19.03 0.3941
2.77 19.17 0.3882
2.77 19.31 0.3821
2.77 19.44 0.376
2.77 19.58 0.3696
2.77 19.72 0.3632
2.77 19.86 0.3565
2.77 20.0 0.3498
2.79 10.07 0.3032
2.79 10.14 0.3017
2.79 10.21 0.3
2.79 10.29 0.2984
2.79 10.36 0.2968
2.79 10.43 0.2953
2.79 10.51 0.2939
2.79 10.58 0.2927
2.79 10.66 0.2917
2.79 10.73 0.291
2.79 10.81 0.2906
2.79 10.89 0.2904
2.79 10.96 0.2907
2.79 11.04 0.2913
2.79 11.12 0.2923
2.79 11.2 0.2938
2.79 11.28 0.2957
2.79 11.36 0.2981
2.79 11.44 0.3009
2.79 11.52 0.3042
2.79 11.6 0.3081
2.79 11.68 0.3123
2.79 11.77 0.3171
2.79 11.85 0.3224
2.79 11.93 0.3281
2.79 12.02 0.3342
2.79 12.1 0.3408
2.79 12.19 0.3477
2.79 12.28 0.355
2.79 12.36 0.3627
2.79 12.45 0.3706
2.79 12.54 0.3788
2.79 12.63 0.3872
2.79 12.72 0.3957
2.79 12.81 0.4043
2.79 12.9 0.4129
2.79 12.99 0.4216
2.79 13.08 0.4301
2.79 13.18 0.4386
2.79 13.27 0.4468
2.79 13.36 0.4548
2.79 13.46 0.4625
2.79 13.55 0.4699
2.79 13.65 0.4768
2.79 13.75 0.4834
2.79 13.85 0.4895
2.79 13.94 0.4952
2.79 14.04 0.5003
2.79 14.14 0.505
2.79 14.24 0.5091
2.79 14.34 0.5128
2.79 14.45 0.516
2.79 14.55 0.5188
2.79 14.65 0.5211
2.79 14.76 0.5232
2.79 14.86 0.5248
2.79 14.97 0.5263
2.79 15.07 0.5275
2.79 15.18 0.5285
2.79 15.29 0.5294
2.79 15.4 0.5302
2.79 15.5 0.5311
2.79 15.61 0.5319
2.79 15.73 0.5329
2.79 15.84 0.5339
2.79 15.95 0.5351
2.79 16.06 0.5364
2.79 16.18 0.5379
2.79 16.29 0.5396
2.79 16.41 0.5415
2.79 16.52 0.5435
2.79 16.64 0.5457
2.79 16.76 0.548
2.79 16.88 0.5504
2.79 17.0 0.5528
2.79 17.12 0.5551
2.79 17.24 0.5574
2.79 17.36 0.5594
2.79 17.49 0.5613
2.79 17.61 0.5627
2.79 17.73 0.5638
2.79 17.86 0.5644
2.79 17.99 0.5644
2.79 18.11 0.5637
2.79 18.24 0.5623
2.79 18.37 0.5601
2.79 18.5 0.557
2.79 18.63 0.5531
2.79 18.77 0.5483
2.79 18.9 0.5425
2.79 19.03 0.5358
2.79 19.17 0.5282
2.79 19.31 0.5197
2.79 19.44 0.5105
2.79 19.58 0.5003
2.79 19.72 0.4896
2.79 19.86 0.4781
2.79 20.0 0.4661
2.81 10.07 4.2834
2.81 10.14 4.5446
2.81 10.21 4.5824
2.81 10.29 4.3928
2.81 10.36 4.0147
2.81 10.43 3.5229
2.81 10.51 2.9849
2.81 10.58 2.4682
2.81 10.66 2.0035
2.81 10.73 1.6145
2.81 10.81 1.2977
2.81 10.89 1.051
2.81 10.96 0.8605
2.81 11.04 0.7177
2.81 11.12 0.6104
2.81 11.2 0.5317
2.81 11.28 0.4734
2.81 11.36 0.4311
2.81 11.44 0.4001
2.81 11.52 0.3778
2.81 11.6 0.3616
2.81 11.68 0.3501
2.81 11.77 0.3418
2.81 11.85 0.3361
2.81 11.93 0.3322
2.81 12.02 0.3296
2.81 12.1 0.3279
2.81 12.19 0.3271
2.81 12.28 0.3267
2.81 12.36 0.3267
2.81 12.45 0.327
2.81 12.54 0.3276
2.81 12.63 0.3282
2.81 12.72 0.329
2.81 12.81 0.3299
2.81 12.9 0.3307
2.81 12.99 0.3316
2.81 13.08 0.3325
2.81 13.18 0.3333
2.81 13.27 0.3341
2.81 13.36 0.3348
2.81 13.46 0.3355
2.81 13.55 0.3361
2.81 13.65 0.3366
2.81 13.75 0.3371
2.81 13.85 0.3374
2.81 13.94 0.3377
2.81 14.04 0.3379
2.81 14.14 0.338
2.81 14.24 0.338
2.81 14.34 0.338
2.81 14.45 0.3378
2.81 14.55 0.3376
2.81 14.65 0.3373
2.81 14.76 0.3369
2.81 14.86 0.3365
2.81 14.97 0.336
2.81 15.07 0.3355
2.81 15.18 0.3349
2.81 15.29 0.3342
2.81 15.4 0.3335
2.81 15.5 0.3328
2.81 15.61 0.332
2.81 15.73 0.3312
2.81 15.84 0.3304
2.81 15.95 0.3296
2.81 16.06 0.3287
2.81 16.18 0.3278
2.81 16.29 0.3269
2.81 16.41 0.326
2.81 16.52 0.3251
2.81 16.64 0.3242
2.81 16.76 0.3232
2.81 16.88 0.3223
2.81 17.0 0.3214
2.81 17.12 0.3205
2.81 17.24 0.3196
2.81 17.36 0.3187
2.81 17.49 0.3178
2.81 17.61 0.3169
2.81 17.73 0.316
2.81 17.86 0.3152
2.81 17.99 0.3144
2.81 18.11 0.3136
2.81 18.24 0.3128
2.81 18.37 0.312
2.81 18.5 0.3113
2.81 18.63 0.3106
2.81 18.77 0.3099
2.81 18.9 0.3092
2.81 19.03 0.3085
2.81 19.17 0.3078
2.81 19.31 0.3071
2.81 19.44 0.3063
2.81 19.58 0.3056
2.81 19.72 0.3048
2.81 19.86 0.304
2.81 20.0 0.3031
2.83 10.07 3.4688
2.83 10.14 3.7143
2.83 10.21 3.8169
2.83 10.29 3.7611
2.83 10.36 3.5588
2.83 10.43 3.2472
2.83 10.51 2.868
2.83 10.58 2.4711
2.83 10.66 2.0862
2.83 10.73 1.7416
2.83 10.81 1.4434
2.83 10.89 1.1981
2.83 10.96 0.999
2.83 11.04 0.8429
2.83 11.12 0.7207
2.83 11.2 0.6276
2.83 11.28 0.5563
2.83 11.36 0.5029
2.83 11.44 0.4626
2.83 11.52 0.4327
2.83 11.6 0.4104
2.83 11.68 0.394
2.83 11.77 0.382
2.83 11.85 0.3732
2.83 11.93 0.3668
2.83 12.02 0.3623
2.83 12.1 0.359
2.83 12.19 0.3568
2.83 12.28 0.3553
2.83 12.36 0.3543
2.83 12.45 0.3536
2.83 12.54 0.3533
2.83 12.63 0.3531
2.83 12.72 0.3531
2.83 12.81 0.3531
2.83 12.9 0.3532
2.83 12.99 0.3533
2.83 13.08 0.3535
2.83 13.18 0.3537
2.83 13.27 0.3538
2.83 13.36 0.354
2.83 13.46 0.3541
2.83 13.55 0.3542
2.83 13.65 0.3544
2.83 13.75 0.3545
2.83 13.85 0.3545
2.83 13.94 0.3546
2.83 14.04 0.3546
2.83 14.14 0.3546
2.83 14.24 0.3546
2.83 14.34 0.3546
2.83 14.45 0.3545
2.83 14.55 0.3544
2.83 14.65 0.3542
2.83 14.76 0.354
2.83 14.86 0.3537
2.83 14.97 0.3534
2.83 15.07 0.353
2.83 15.18 0.3526
2.83 15.29 0.3521
2.83 15.4 0.3515
2.83 15.5 0.3509
2.83 15.61 0.3501
2.83 15.73 0.3494
2.83 15.84 0.3485
2.83 15.95 0.3475
2.83 16.06 0.3465
2.83 16.18 0.3454
2.83 16.29 0.3443
2.83 16.41 0.343
2.83 16.52 0.3417
2.83 16.64 0.3403
2.83 16.76 0.3389
2.83 16.88 0.3374
2.83 17.0 0.3358
2.83 17.12 0.3342
2.83 17.24 0.3325
2.83 17.36 0.3309
2.83 17.49 0.3291
2.83 17.61 0.3273
2.83 17.73 0.3255
2.83 17.86 0.3237
2.83 17.99 0.3219
2.83 18.11 0.32
2.83 18.24 0.3181
2.83 18.37 0.3162
2.83 18.5 0.3143
2.83 18.63 0.3124
2.83 18.77 0.3105
2.83 18.9 0.3086
2.83 19.03 0.3067
2.83 19.17 0.3048
2.83 19.31 0.3029
2.83 19.44 0.301
2.83 19.58 0.2991
2.83 19.72 0.2972
2.83 19.86 0.2952
2.83 20.0 0.2933
2.85 10.07 0.3872
2.85 10.14 0.4168
2.85 10.21 0.448
2.85 10.29 0.48
2.85 10.36 0.5131
2.85 10.43 0.5465
2.85 10.51 0.5804
2.85 10.58 0.6139
2.85 10.66 0.647
2.85 10.73 0.6789
2.85 10.81 0.7093
2.85 10.89 0.7376
2.85 10.96 0.7635
2.85 11.04 0.7862
2.85 11.12 0.8058
2.85 11.2 0.8216
2.85 11.28 0.8337
2.85 11.36 0.8417
2.85 11.44 0.8458
2.85 11.52 0.846
2.85 11.6 0.8426
2.85 11.68 0.8358
2.85 11.77 0.826
2.85 11.85 0.8137
2.85 11.93 0.7991
2.85 12.02 0.7829
2.85 12.1 0.7653
2.85 12.19 0.7469
2.85 12.28 0.728
2.85 12.36 0.7091
2.85 12.45 0.6902
2.85 12.54 0.6719
2.85 12.63 0.654
2.85 12.72 0.6371
2.85 12.81 0.6209
2.85 12.9 0.6058
2.85 12.99 0.5915
2.85 13.08 0.5784
2.85 13.18 0.5663
2.85 13.27 0.5552
2.85 13.36 0.545
2.85 13.46 0.5359
2.85 13.55 0.5275
2.85 13.65 0.5201
2.85 13.75 0.5134
2.85 13.85 0.5075
2.85 13.94 0.5022
2.85 14.04 0.4976
2.85 14.14 0.4936
2.85 14.24 0.4901
2.85 14.34 0.4872
2.85 14.45 0.4847
2.85 14.55 0.4826
2.85 14.65 0.481
2.85 14.76 0.4796
2.85 14.86 0.4786
2.85 14.97 0.4779
2.85 15.07 0.4773
2.85 15.18 0.477
2.85 15.29 0.4768
2.85 15.4 0.4768
2.85 15.5 0.4768
2.85 15.61 0.4768
2.85 15.73 0.4769
2.85 15.84 0.4769
2.85 15.95 0.4768
2.85 16.06 0.4766
2.85 16.18 0.4762
2.85 16.29 0.4757
2.85 16.41 0.475
2.85 16.52 0.474
2.85 16.64 0.4728
2.85 16.76 0.4714
2.85 16.88 0.4697
2.85 17.0 0.4677
2.85 17.12 0.4656
2.85 17.24 0.4632
2.85 17.36 0.4606
2.85 17.49 0.4578
2.85 17.61 0.4549
2.85 17.73 0.452
2.85 17.86 0.4489
2.85 17.99 0.4459
2.85 18.11 0.4429
2.85 18.24 0.44
2.85 18.37 0.4372
2.85 18.5 0.4347
2.85 18.63 0.4323
2.85 18.77 0.4302
2.85 18.9 0.4285
2.85 19.03 0.427
2.85 19.17 0.4259
2.85 19.31 0.4252
2.85 19.44 0.4249
2.85 19.58 0.4249
2.85 19.72 0.4252
2.85 19.86 0.426
2.85 20.0 0.427
2.87 10.07 3.9721
2.87 10.14 4.3971
2.87 10.21 4.631
2.87 10.29 4.6281
2.87 10.36 4.3933
2.87 10.43 3.9797
2.87 10.51 3.4575
2.87 10.58 2.9094
2.87 10.66 2.3861
2.87 10.73 1.9294
2.87 10.81 1.5467
2.87 10.89 1.2429
2.87 10.96 1.0052
2.87 11.04 0.8258
2.87 11.12 0.6907
2.87 11.2 0.5914
2.87 11.28 0.5181
2.87 11.36 0.4651
2.87 11.44 0.4264
2.87 11.52 0.3987
2.87 11.6 0.3785
2.87 11.68 0.3642
2.87 11.77 0.3538
2.87 11.85 0.3463
2.87 11.93 0.3409
2.87 12.02 0.3369
2.87 12.1 0.3339
2.87 12.19 0.3316
2.87 12.28 0.3297
2.87 12.36 0.3282
2.87 12.45 0.3268
2.87 12.54 0.3255
2.87 12.63 0.3243
2.87 12.72 0.3231
2.87 12.81 0.3218
2.87 12.9 0.3206
2.87 12.99 0.3193
2.87 13.08 0.318
2.87 13.18 0.3167
2.87 13.27 0.3154
2.87 13.36 0.314
2.87 13.46 0.3127
2.87 13.55 0.3113
2.87 13.65 0.31
2.87 13.75 0.3087
2.87 13.85 0.3075
2.87 13.94 0.3063
2.87 14.04 0.3051
2.87 14.14 0.3041
2.87 14.24 0.3031
2.87 14.34 0.3022
2.87 14.45 0.3013
2.87 14.55 0.3006
2.87 14.65 0.3
2.87 14.76 0.2995
2.87 14.86 0.299
2.87 14.97 0.2987
2.87 15.07 0.2985
2.87 15.18 0.2984
2.87 15.29 0.2984
2.87 15.4 0.2985
2.87 15.5 0.2987
2.87 15.61 0.299
2.87 15.73 0.2994
2.87 15.84 0.2999
2.87 15.95 0.3005
2.87 16.06 0.3011
2.87 16.18 0.3019
2.87 16.29 0.3027
2.87 16.41 0.3035
2.87 16.52 0.3045
2.87 16.64 0.3054
2.87 16.76 0.3064
2.87 16.88 0.3075
2.87 17.0 0.3086
2.87 17.12 0.3097
2.87 17.24 0.3108
2.87 17.36 0.312
2.87 17.49 0.3132
2.87 17.61 0.3144
2.87 17.73 0.3156
2.87 17.86 0.3168
2.87 17.99 0.3181
2.87 18.11 0.3194
2.87 18.24 0.3208
2.87 18.37 0.3222
2.87 18.5 0.3237
2.87 18.63 0.3253
2.87 18.77 0.327
2.87 18.9 0.3288
2.87 19.03 0.3308
2.87 19.17 0.3331
2.87 19.31 0.3356
2.87 19.44 0.3383
2.87 19.58 0.3415
2.87 19.72 0.3449
2.87 19.86 0.3489
2.87 20.0 0.3533
2.89 10.07 20.4518
2.89 10.14 22.05
2.89 10.21 20.4519
2.89 10.29 17.0704
2.89 10.36 13.919
2.89 10.43 12.2086
2.89 10.51 12.1668
2.89 10.58 13.5462
2.89 10.66 15.7225
2.89 10.73 17.6256
2.89 10.81 18.2262
2.89 10.89 17.2174
2.89 10.96 15.2446
2.89 11.04 13.2792
2.89 11.12 11.8835
2.89 11.2 11.2134
2.89 11.28 11.1388
2.89 11.36 11.4347
2.89 11.44 11.8212
2.89 11.52 11.99
2.89 11.6 11.701
2.89 11.68 10.8855
2.89 11.77 9.6589
2.89 11.85 8.2782
2.89 11.93 6.9536
2.89 12.02 5.8441
2.89 12.1 4.9832
2.89 12.19 4.3723
2.89 12.28 3.9666
2.89 12.36 3.7326
2.89 12.45 3.6344
2.89 12.54 3.6517
2.89 12.63 3.772
2.89 12.72 3.988
2.89 12.81 4.2993
2.89 12.9 4.6945
2.89 12.99 5.1606
2.89 13.08 5.6541
2.89 13.18 6.1214
2.89 13.27 6.479
2.89 13.36 6.654
2.89 13.46 6.5919
2.89 13.55 6.2851
2.89 13.65 5.7796
2.89 13.75 5.1426
2.89 13.85 4.4629
2.89 13.94 3.7969
2.89 14.04 3.196
2.89 14.14 2.6715
2.89 14.24 2.2341
2.89 14.34 1.8712
2.89 14.45 1.5776
2.89 14.55 1.3376
2.89 14.65 1.1443
2.89 14.76 0.9858
2.89 14.86 0.8572
2.89 14.97 0.7508
2.89 15.07 0.6636
2.89 15.18 0.5909
2.89 15.29 0.531
2.89 15.4 0.4809
2.89 15.5 0.4397
2.89 15.61 0.4056
2.89 15.73 0.3779
2.89 15.84 0.3555
2.89 15.95 0.338
2.89 16.06 0.3246
2.89 16.18 0.3151
2.89 16.29 0.3091
2.89 16.41 0.3063
2.89 16.52 0.3064
2.89 16.64 0.3094
2.89 16.76 0.3151
2.89 16.88 0.3234
2.89 17.0 0.3342
2.89 17.12 0.3474
2.89 17.24 0.3632
2.89 17.36 0.3812
2.89 17.49 0.4017
2.89 17.61 0.4243
2.89 17.73 0.4494
2.89 17.86 0.4764
2.89 17.99 0.5056
2.89 18.11 0.5365
2.89 18.24 0.5692
2.89 18.37 0.603
2.89 18.5 0.6381
2.89 18.63 0.6736
2.89 18.77 0.7094
2.89 18.9 0.7446
2.89 19.03 0.779
2.89 19.17 0.8115
2.89 19.31 0.8419
2.89 19.44 0.869
2.89 19.58 0.8927
2.89 19.72 0.9119
2.89 19.86 0.9265
2.89 20.0 0.9358
2.91 10.07 1.2805
2.91 10.14 1.3013
2.91 10.21 1.3223
2.91 10.29 1.3451
2.91 10.36 1.3722
2.91 10.43 1.4055
2.91 10.51 1.448
2.91 10.58 1.5014
2.91 10.66 1.5683
2.91 10.73 1.6492
2.91 10.81 1.7454
2.91 10.89 1.8544
2.91 10.96 1.9746
2.91 11.04 2.0991
2.91 11.12 2.2223
2.91 11.2 2.3332
2.91 11.28 2.4233
2.91 11.36 2.4816
2.91 11.44 2.501
2.91 11.52 2.4767
2.91 11.6 2.4079
2.91 11.68 2.2992
2.91 11.77 2.1565
2.91 11.85 1.991
2.91 11.93 1.8108
2.91 12.02 1.6276
2.91 12.1 1.4471
2.91 12.19 1.2776
2.91 12.28 1.1209
2.91 12.36 0.9811
2.91 12.45 0.8572
2.91 12.54 0.7506
2.91 12.63 0.6588
2.91 12.72 0.5819
2.91 12.81 0.5171
2.91 12.9 0.464
2.91 12.99 0.4204
2.91 13.08 0.3855
2.91 13.18 0.3578
2.91 13.27 0.3366
2.91 13.36 0.3209
2.91 13.46 0.3101
2.91 13.55 0.3034
2.91 13.65 0.3006
2.91 13.75 0.3012
2.91 13.85 0.3049
2.91 13.94 0.3114
2.91 14.04 0.3205
2.91 14.14 0.3321
2.91 14.24 0.346
2.91 14.34 0.3623
2.91 14.45 0.3805
2.91 14.55 0.4009
2.91 14.65 0.4231
2.91 14.76 0.4473
2.91 14.86 0.473
2.91 14.97 0.5005
2.91 15.07 0.5292
2.91 15.18 0.5594
2.91 15.29 0.5904
2.91 15.4 0.6224
2.91 15.5 0.6547
2.91 15.61 0.6875
2.91 15.73 0.7198
2.91 15.84 0.752
2.91 15.95 0.7831
2.91 16.06 0.8132
2.91 16.18 0.8417
2.91 16.29 0.8684
2.91 16.41 0.8928
2.91 16.52 0.915
2.91 16.64 0.9345
2.91 16.76 0.9513
2.91 16.88 0.9652
2.91 17.0 0.9764
2.91 17.12 0.9847
2.91 17.24 0.9904
2.91 17.36 0.9936
2.91 17.49 0.9945
2.91 17.61 0.9935
2.91 17.73 0.9908
2.91 17.86 0.9867
2.91 17.99 0.9816
2.91 18.11 0.9758
2.91 18.24 0.9695
2.91 18.37 0.9632
2.91 18.5 0.957
2.91 18.63 0.9512
2.91 18.77 0.9459
2.91 18.9 0.9412
2.91 19.03 0.9371
2.91 19.17 0.9337
2.91 19.31 0.9308
2.91 19.44 0.9282
2.91 19.58 0.9258
2.91 19.72 0.9232
2.91 19.86 0.9202
2.91 20.0 0.9163
2.93 10.07 1.0176
2.93 10.14 0.9926
2.93 10.21 0.9684
2.93 10.29 0.9463
2.93 10.36 0.9267
2.93 10.43 0.9105
2.93 10.51 0.898
2.93 10.58 0.8897
2.93 10.66 0.8856
2.93 10.73 0.8858
2.93 10.81 0.8903
2.93 10.89 0.899
2.93 10.96 0.9116
2.93 11.04 0.9277
2.93 11.12 0.947
2.93 11.2 0.9689
2.93 11.28 0.993
2.93 11.36 1.0185
2.93 11.44 1.045
2.93 11.52 1.0715
2.93 11.6 1.0978
2.93 11.68 1.123
2.93 11.77 1.1468
2.93 11.85 1.1686
2.93 11.93 1.1883
2.93 12.02 1.2054
2.93 12.1 1.2204
2.93 12.19 1.2329
2.93 12.28 1.2434
2.93 12.36 1.2521
2.93 12.45 1.2594
2.93 12.54 1.2656
2.93 12.63 1.271
2.93 12.72 1.2758
2.93 12.81 1.2801
2.93 12.9 1.2838
2.93 12.99 1.2868
2.93 13.08 1.2887
2.93 13.18 1.2889
2.93 13.27 1.2869
2.93 13.36 1.2819
2.93 13.46 1.2733
2.93 13.55 1.2603
2.93 13.65 1.2427
2.93 13.75 1.2198
2.93 13.85 1.1917
2.93 13.94 1.1582
2.93 14.04 1.1201
2.93 14.14 1.0772
2.93 14.24 1.031
2.93 14.34 0.9814
2.93 14.45 0.9301
2.93 14.55 0.8773
2.93 14.65 0.8245
2.93 14.76 0.7718
2.93 14.86 0.7206
2.93 14.97 0.6709
2.93 15.07 0.6237
2.93 15.18 0.5788
2.93 15.29 0.5371
2.93 15.4 0.4982
2.93 15.5 0.4626
2.93 15.61 0.4299
2.93 15.73 0.4006
2.93 15.84 0.3741
2.93 15.95 0.3507
2.93 16.06 0.3299
2.93 16.18 0.3119
2.93 16.29 0.2963
2.93 16.41 0.2832
2.93 16.52 0.2723
2.93 16.64 0.2636
2.93 16.76 0.2569
2.93 16.88 0.2522
2.93 17.0 0.2494
2.93 17.12 0.2484
2.93 17.24 0.2491
2.93 17.36 0.2516
2.93 17.49 0.2558
2.93 17.61 0.2617
2.93 17.73 0.2693
2.93 17.86 0.2785
2.93 17.99 0.2895
2.93 18.11 0.3021
2.93 18.24 0.3165
2.93 18.37 0.3326
2.93 18.5 0.3505
2.93 18.63 0.3699
2.93 18.77 0.3912
2.93 18.9 0.4139
2.93 19.03 0.4382
2.93 19.17 0.4637
2.93 19.31 0.4905
2.93 19.44 0.5179
2.93 19.58 0.5462
2.93 19.72 0.5745
2.93 19.86 0.6027
2.93 20.0 0.63
2.95 10.07 6.686
2.95 10.14 5.5683
2.95 10.21 4.5609
2.95 10.29 3.7487
2.95 10.36 3.1246
2.95 10.43 2.6705
2.95 10.51 2.3448
2.95 10.58 2.1204
2.95 10.66 1.9693
2.95 10.73 1.8756
2.95 10.81 1.8257
2.95 10.89 1.8119
2.95 10.96 1.8284
2.95 11.04 1.8711
2.95 11.12 1.9378
2.95 11.2 2.0247
2.95 11.28 2.13
2.95 11.36 2.2487
2.95 11.44 2.3778
2.95 11.52 2.5096
2.95 11.6 2.6391
2.95 11.68 2.757
2.95 11.77 2.8575
2.95 11.85 2.9322
2.95 11.93 2.977
2.95 12.02 2.9881
2.95 12.1 2.965
2.95 12.19 2.9098
2.95 12.28 2.8256
2.95 12.36 2.7187
2.95 12.45 2.5931
2.95 12.54 2.4562
2.95 12.63 2.311
2.95 12.72 2.1637
2.95 12.81 2.0155
2.95 12.9 1.8711
2.95 12.99 1.7301
2.95 13.08 1.5959
2.95 13.18 1.4673
2.95 13.27 1.3468
2.95 13.36 1.233
2.95 13.46 1.1277
2.95 13.55 1.0293
2.95 13.65 0.9391
2.95 13.75 0.8558
2.95 13.85 0.7801
2.95 13.94 0.7108
2.95 14.04 0.6484
2.95 14.14 0.5916
2.95 14.24 0.5408
2.95 14.34 0.495
2.95 14.45 0.4543
2.95 14.55 0.4178
2.95 14.65 0.3857
2.95 14.76 0.3571
2.95 14.86 0.3322
2.95 14.97 0.3103
2.95 15.07 0.2915
2.95 15.18 0.2752
2.95 15.29 0.2617
2.95 15.4 0.2504
2.95 15.5 0.2415
2.95 15.61 0.2347
2.95 15.73 0.23
2.95 15.84 0.2273
2.95 15.95 0.2266
2.95 16.06 0.228
2.95 16.18 0.2313
2.95 16.29 0.2366
2.95 16.41 0.244
2.95 16.52 0.2536
2.95 16.64 0.2653
2.95 16.76 0.2793
2.95 16.88 0.2955
2.95 17.0 0.3142
2.95 17.12 0.3351
2.95 17.24 0.3586
2.95 17.36 0.3843
2.95 17.49 0.4125
2.95 17.61 0.4427
2.95 17.73 0.475
2.95 17.86 0.5088
2.95 17.99 0.5442
2.95 18.11 0.5801
2.95 18.24 0.6165
2.95 18.37 0.6523
2.95 18.5 0.6873
2.95 18.63 0.7201
2.95 18.77 0.7504
2.95 18.9 0.777
2.95 19.03 0.7995
2.95 19.17 0.8169
2.95 19.31 0.829
2.95 19.44 0.8352
2.95 19.58 0.8354
2.95 19.72 0.8297
2.95 19.86 0.8181
2.95 20.0 0.8014
