Epsilon(kCal/mol) T(Kelvin) dCv(kCal/mol*Kelvin)
2.75 15.08 0.1987
2.75 15.16 0.2151
2.75 15.24 0.2296
2.75 15.32 0.2415
2.75 15.4 0.2502
2.75 15.48 0.2552
2.75 15.56 0.2563
2.75 15.64 0.2534
2.75 15.72 0.2467
2.75 15.8 0.2369
2.75 15.89 0.2244
2.75 15.97 0.21
2.75 16.05 0.1944
2.75 16.14 0.1783
2.75 16.22 0.1623
2.75 16.3 0.1469
2.75 16.39 0.1324
2.75 16.48 0.1192
2.75 16.56 0.1072
2.75 16.65 0.0966
2.75 16.74 0.0873
2.75 16.82 0.0792
2.75 16.91 0.0722
2.75 17.0 0.0662
2.75 17.09 0.061
2.75 17.18 0.0566
2.75 17.27 0.0528
2.75 17.36 0.0496
2.75 17.45 0.0468
2.75 17.54 0.0444
2.75 17.63 0.0422
2.75 17.72 0.0404
2.75 17.82 0.0388
2.75 17.91 0.0374
2.75 18.0 0.0361
2.75 18.1 0.035
2.75 18.19 0.034
2.75 18.29 0.0331
2.75 18.38 0.0323
2.75 18.48 0.0316
2.75 18.57 0.031
2.75 18.67 0.0304
2.75 18.77 0.0298
2.75 18.87 0.0293
2.75 18.97 0.0289
2.75 19.06 0.0285
2.75 19.16 0.0281
2.75 19.26 0.0278
2.75 19.37 0.0275
2.75 19.47 0.0272
2.75 19.57 0.0269
2.75 19.67 0.0267
2.75 19.77 0.0265
2.75 19.88 0.0263
2.75 19.98 0.0261
2.75 20.08 0.0259
2.75 20.19 0.0258
2.75 20.3 0.0256
2.75 20.4 0.0255
2.75 20.51 0.0254
2.75 20.62 0.0253
2.75 20.72 0.0253
2.75 20.83 0.0252
2.75 20.94 0.0252
2.75 21.05 0.0252
2.75 21.16 0.0252
2.75 21.27 0.0252
2.75 21.38 0.0253
2.75 21.49 0.0254
2.75 21.61 0.0255
2.75 21.72 0.0256
2.75 21.83 0.0258
2.75 21.95 0.026
2.75 22.06 0.0262
2.75 22.18 0.0265
2.75 22.29 0.0268
2.75 22.41 0.0271
2.75 22.52 0.0275
2.75 22.64 0.028
2.75 22.76 0.0285
2.75 22.88 0.029
2.75 23.0 0.0296
2.75 23.12 0.0303
2.75 23.24 0.031
2.75 23.36 0.0318
2.75 23.48 0.0326
2.75 23.61 0.0335
2.75 23.73 0.0345
2.75 23.85 0.0355
2.75 23.98 0.0366
2.75 24.1 0.0378
2.75 24.23 0.039
2.75 24.36 0.0403
2.75 24.48 0.0416
2.75 24.61 0.043
2.75 24.74 0.0445
2.75 24.87 0.046
2.75 25.0 0.0475
2.77 15.08 0.5008
2.77 15.16 0.5453
2.77 15.24 0.5707
2.77 15.32 0.5734
2.77 15.4 0.5531
2.77 15.48 0.5132
2.77 15.56 0.4589
2.77 15.64 0.3973
2.77 15.72 0.334
2.77 15.8 0.2745
2.77 15.89 0.2212
2.77 15.97 0.1762
2.77 16.05 0.1391
2.77 16.14 0.1099
2.77 16.22 0.0871
2.77 16.3 0.0699
2.77 16.39 0.0568
2.77 16.48 0.0472
2.77 16.56 0.0401
2.77 16.65 0.0348
2.77 16.74 0.0308
2.77 16.82 0.0278
2.77 16.91 0.0254
2.77 17.0 0.0237
2.77 17.09 0.0222
2.77 17.18 0.0211
2.77 17.27 0.0202
2.77 17.36 0.0194
2.77 17.45 0.0188
2.77 17.54 0.0183
2.77 17.63 0.0179
2.77 17.72 0.0175
2.77 17.82 0.0172
2.77 17.91 0.0169
2.77 18.0 0.0167
2.77 18.1 0.0165
2.77 18.19 0.0163
2.77 18.29 0.0162
2.77 18.38 0.016
2.77 18.48 0.0159
2.77 18.57 0.0158
2.77 18.67 0.0157
2.77 18.77 0.0156
2.77 18.87 0.0156
2.77 18.97 0.0155
2.77 19.06 0.0155
2.77 19.16 0.0154
2.77 19.26 0.0154
2.77 19.37 0.0154
2.77 19.47 0.0154
2.77 19.57 0.0154
2.77 19.67 0.0154
2.77 19.77 0.0154
2.77 19.88 0.0154
2.77 19.98 0.0154
2.77 20.08 0.0154
2.77 20.19 0.0154
2.77 20.3 0.0154
2.77 20.4 0.0155
2.77 20.51 0.0155
2.77 20.62 0.0155
2.77 20.72 0.0156
2.77 20.83 0.0156
2.77 20.94 0.0157
2.77 21.05 0.0157
2.77 21.16 0.0158
2.77 21.27 0.0159
2.77 21.38 0.0159
2.77 21.49 0.016
2.77 21.61 0.0161
2.77 21.72 0.0162
2.77 21.83 0.0163
2.77 21.95 0.0164
2.77 22.06 0.0165
2.77 22.18 0.0166
2.77 22.29 0.0168
2.77 22.41 0.0169
2.77 22.52 0.0171
2.77 22.64 0.0173
2.77 22.76 0.0175
2.77 22.88 0.0177
2.77 23.0 0.0179
2.77 23.12 0.0182
2.77 23.24 0.0184
2.77 23.36 0.0188
2.77 23.48 0.0191
2.77 23.61 0.0195
2.77 23.73 0.0199
2.77 23.85 0.0203
2.77 23.98 0.0208
2.77 24.1 0.0214
2.77 24.23 0.022
2.77 24.36 0.0227
2.77 24.48 0.0234
2.77 24.61 0.0242
2.77 24.74 0.025
2.77 24.87 0.026
2.77 25.0 0.027
[ 0.36438731  0.38939346  0.40464342  0.40850123  0.40071181  0.38230649
  0.35510063  0.32202086  0.28556832  0.24871822  0.21318449  0.18078752
  0.15202426  0.12750156  0.10688503  0.09006298  0.07639775  0.06552719
  0.0568431   0.04999252  0.04452243  0.04017914  0.03666873  0.03383593
  0.0315033   0.02958355  0.02797136  0.0266191   0.02546294  0.02447682
  0.02362056  0.02287973  0.02222796  0.02165725  0.02114968  0.02070087
  0.02029823  0.0199395   0.01961561  0.01932552  0.01906251  0.01882628
  0.01861177  0.01841904  0.01824423  0.01808761  0.01794619  0.01782031
  0.01770766  0.01760859  0.01752132  0.01744615  0.01738175  0.01732835
  0.017285    0.01725184  0.01722827  0.01721433  0.01720975  0.01721447
  0.0172285   0.01725172  0.01728443  0.01732641  0.01737825  0.01743964
  0.0175115   0.01759339  0.01768655  0.01779044  0.01790663  0.01803446
  0.01817586  0.01832998  0.01849915  0.01868234  0.01888225  0.01909762
  0.01933158  0.01958258  0.01985417  0.02014445  0.02045741  0.02079074
  0.02114886  0.02152897  0.02193593  0.02236636  0.02282557  0.02330951
  0.02382392  0.02436401  0.02493592  0.02553406  0.02616493  0.02682211
  0.02751244  0.02822856]
2.79 15.08 0.5188
2.79 15.16 0.5632
2.79 15.24 0.5871
2.79 15.32 0.587
2.79 15.4 0.5632
2.79 15.48 0.5195
2.79 15.56 0.4616
2.79 15.64 0.3971
2.79 15.72 0.3316
2.79 15.8 0.2707
2.79 15.89 0.2166
2.79 15.97 0.1713
2.79 16.05 0.1343
2.79 16.14 0.1053
2.79 16.22 0.0829
2.79 16.3 0.066
2.79 16.39 0.0534
2.79 16.48 0.0441
2.79 16.56 0.0373
2.79 16.65 0.0323
2.79 16.74 0.0286
2.79 16.82 0.0259
2.79 16.91 0.0238
2.79 17.0 0.0222
2.79 17.09 0.021
2.79 17.18 0.02
2.79 17.27 0.0192
2.79 17.36 0.0186
2.79 17.45 0.018
2.79 17.54 0.0176
2.79 17.63 0.0173
2.79 17.72 0.017
2.79 17.82 0.0167
2.79 17.91 0.0165
2.79 18.0 0.0163
2.79 18.1 0.0162
2.79 18.19 0.016
2.79 18.29 0.0159
2.79 18.38 0.0158
2.79 18.48 0.0157
2.79 18.57 0.0157
2.79 18.67 0.0156
2.79 18.77 0.0156
2.79 18.87 0.0155
2.79 18.97 0.0155
2.79 19.06 0.0155
2.79 19.16 0.0154
2.79 19.26 0.0154
2.79 19.37 0.0154
2.79 19.47 0.0154
2.79 19.57 0.0154
2.79 19.67 0.0154
2.79 19.77 0.0154
2.79 19.88 0.0155
2.79 19.98 0.0155
2.79 20.08 0.0155
2.79 20.19 0.0155
2.79 20.3 0.0156
2.79 20.4 0.0156
2.79 20.51 0.0157
2.79 20.62 0.0157
2.79 20.72 0.0158
2.79 20.83 0.0159
2.79 20.94 0.0159
2.79 21.05 0.016
2.79 21.16 0.0161
2.79 21.27 0.0162
2.79 21.38 0.0163
2.79 21.49 0.0164
2.79 21.61 0.0165
2.79 21.72 0.0166
2.79 21.83 0.0167
2.79 21.95 0.0169
2.79 22.06 0.017
2.79 22.18 0.0172
2.79 22.29 0.0174
2.79 22.41 0.0175
2.79 22.52 0.0177
2.79 22.64 0.0179
2.79 22.76 0.0181
2.79 22.88 0.0184
2.79 23.0 0.0186
2.79 23.12 0.0189
2.79 23.24 0.0192
2.79 23.36 0.0195
2.79 23.48 0.0198
2.79 23.61 0.0201
2.79 23.73 0.0204
2.79 23.85 0.0208
2.79 23.98 0.0212
2.79 24.1 0.0216
2.79 24.23 0.022
2.79 24.36 0.0224
2.79 24.48 0.0228
2.79 24.61 0.0233
2.79 24.74 0.0238
2.79 24.87 0.0243
2.79 25.0 0.0248
2.81 15.08 0.1572
2.81 15.16 0.175
2.81 15.24 0.1927
2.81 15.32 0.2094
2.81 15.4 0.2246
2.81 15.48 0.2373
2.81 15.56 0.2471
2.81 15.64 0.2533
2.81 15.72 0.2557
2.81 15.8 0.2541
2.81 15.89 0.2486
2.81 15.97 0.2398
2.81 16.05 0.2281
2.81 16.14 0.2143
2.81 16.22 0.199
2.81 16.3 0.1831
2.81 16.39 0.1671
2.81 16.48 0.1517
2.81 16.56 0.137
2.81 16.65 0.1235
2.81 16.74 0.1113
2.81 16.82 0.1004
2.81 16.91 0.0909
2.81 17.0 0.0826
2.81 17.09 0.0754
2.81 17.18 0.0692
2.81 17.27 0.0639
2.81 17.36 0.0594
2.81 17.45 0.0555
2.81 17.54 0.0522
2.81 17.63 0.0493
2.81 17.72 0.0468
2.81 17.82 0.0447
2.81 17.91 0.0428
2.81 18.0 0.0412
2.81 18.1 0.0398
2.81 18.19 0.0385
2.81 18.29 0.0374
2.81 18.38 0.0364
2.81 18.48 0.0355
2.81 18.57 0.0347
2.81 18.67 0.034
2.81 18.77 0.0334
2.81 18.87 0.0328
2.81 18.97 0.0323
2.81 19.06 0.0319
2.81 19.16 0.0314
2.81 19.26 0.031
2.81 19.37 0.0307
2.81 19.47 0.0304
2.81 19.57 0.0301
2.81 19.67 0.0298
2.81 19.77 0.0296
2.81 19.88 0.0294
2.81 19.98 0.0292
2.81 20.08 0.029
2.81 20.19 0.0288
2.81 20.3 0.0287
2.81 20.4 0.0285
2.81 20.51 0.0284
2.81 20.62 0.0283
2.81 20.72 0.0282
2.81 20.83 0.0282
2.81 20.94 0.0281
2.81 21.05 0.028
2.81 21.16 0.028
2.81 21.27 0.028
2.81 21.38 0.028
2.81 21.49 0.028
2.81 21.61 0.028
2.81 21.72 0.0281
2.81 21.83 0.0281
2.81 21.95 0.0282
2.81 22.06 0.0283
2.81 22.18 0.0285
2.81 22.29 0.0286
2.81 22.41 0.0289
2.81 22.52 0.0291
2.81 22.64 0.0294
2.81 22.76 0.0297
2.81 22.88 0.03
2.81 23.0 0.0304
2.81 23.12 0.0309
2.81 23.24 0.0314
2.81 23.36 0.0319
2.81 23.48 0.0325
2.81 23.61 0.0332
2.81 23.73 0.0339
2.81 23.85 0.0347
2.81 23.98 0.0355
2.81 24.1 0.0363
2.81 24.23 0.0372
2.81 24.36 0.0382
2.81 24.48 0.0392
2.81 24.61 0.0402
2.81 24.74 0.0413
2.81 24.87 0.0424
2.81 25.0 0.0435
2.83 15.08 0.3406
2.83 15.16 0.3769
2.83 15.24 0.4055
2.83 15.32 0.4234
2.83 15.4 0.429
2.83 15.48 0.4217
2.83 15.56 0.4024
2.83 15.64 0.3734
2.83 15.72 0.3374
2.83 15.8 0.298
2.83 15.89 0.2577
2.83 15.97 0.2193
2.83 16.05 0.184
2.83 16.14 0.1531
2.83 16.22 0.1267
2.83 16.3 0.1049
2.83 16.39 0.0871
2.83 16.48 0.0729
2.83 16.56 0.0617
2.83 16.65 0.053
2.83 16.74 0.0462
2.83 16.82 0.0409
2.83 16.91 0.0368
2.83 17.0 0.0336
2.83 17.09 0.0311
2.83 17.18 0.0291
2.83 17.27 0.0275
2.83 17.36 0.0263
2.83 17.45 0.0252
2.83 17.54 0.0244
2.83 17.63 0.0237
2.83 17.72 0.0231
2.83 17.82 0.0226
2.83 17.91 0.0222
2.83 18.0 0.0219
2.83 18.1 0.0216
2.83 18.19 0.0214
2.83 18.29 0.0212
2.83 18.38 0.021
2.83 18.48 0.0209
2.83 18.57 0.0208
2.83 18.67 0.0207
2.83 18.77 0.0207
2.83 18.87 0.0206
2.83 18.97 0.0206
2.83 19.06 0.0206
2.83 19.16 0.0205
2.83 19.26 0.0205
2.83 19.37 0.0205
2.83 19.47 0.0206
2.83 19.57 0.0206
2.83 19.67 0.0206
2.83 19.77 0.0206
2.83 19.88 0.0206
2.83 19.98 0.0207
2.83 20.08 0.0207
2.83 20.19 0.0207
2.83 20.3 0.0208
2.83 20.4 0.0208
2.83 20.51 0.0208
2.83 20.62 0.0209
2.83 20.72 0.0209
2.83 20.83 0.021
2.83 20.94 0.0211
2.83 21.05 0.0211
2.83 21.16 0.0212
2.83 21.27 0.0213
2.83 21.38 0.0213
2.83 21.49 0.0214
2.83 21.61 0.0215
2.83 21.72 0.0216
2.83 21.83 0.0217
2.83 21.95 0.0218
2.83 22.06 0.022
2.83 22.18 0.0221
2.83 22.29 0.0222
2.83 22.41 0.0224
2.83 22.52 0.0226
2.83 22.64 0.0227
2.83 22.76 0.0229
2.83 22.88 0.0231
2.83 23.0 0.0233
2.83 23.12 0.0236
2.83 23.24 0.0238
2.83 23.36 0.0241
2.83 23.48 0.0243
2.83 23.61 0.0246
2.83 23.73 0.0249
2.83 23.85 0.0251
2.83 23.98 0.0254
2.83 24.1 0.0258
2.83 24.23 0.0261
2.83 24.36 0.0264
2.83 24.48 0.0267
2.83 24.61 0.0271
2.83 24.74 0.0274
2.83 24.87 0.0278
2.83 25.0 0.0281
2.85 15.08 0.5291
2.85 15.16 0.5254
2.85 15.24 0.5018
2.85 15.32 0.462
2.85 15.4 0.4109
2.85 15.48 0.3547
2.85 15.56 0.298
2.85 15.64 0.2454
2.85 15.72 0.1987
2.85 15.8 0.1595
2.85 15.89 0.1273
2.85 15.97 0.102
2.85 16.05 0.0822
2.85 16.14 0.0673
2.85 16.22 0.056
2.85 16.3 0.0476
2.85 16.39 0.0413
2.85 16.48 0.0366
2.85 16.56 0.0331
2.85 16.65 0.0304
2.85 16.74 0.0283
2.85 16.82 0.0267
2.85 16.91 0.0254
2.85 17.0 0.0244
2.85 17.09 0.0235
2.85 17.18 0.0229
2.85 17.27 0.0223
2.85 17.36 0.0218
2.85 17.45 0.0215
2.85 17.54 0.0211
2.85 17.63 0.0209
2.85 17.72 0.0207
2.85 17.82 0.0205
2.85 17.91 0.0203
2.85 18.0 0.0202
2.85 18.1 0.0201
2.85 18.19 0.02
2.85 18.29 0.0199
2.85 18.38 0.0198
2.85 18.48 0.0198
2.85 18.57 0.0197
2.85 18.67 0.0197
2.85 18.77 0.0196
2.85 18.87 0.0196
2.85 18.97 0.0196
2.85 19.06 0.0196
2.85 19.16 0.0196
2.85 19.26 0.0196
2.85 19.37 0.0196
2.85 19.47 0.0196
2.85 19.57 0.0196
2.85 19.67 0.0196
2.85 19.77 0.0197
2.85 19.88 0.0197
2.85 19.98 0.0197
2.85 20.08 0.0198
2.85 20.19 0.0198
2.85 20.3 0.0199
2.85 20.4 0.0199
2.85 20.51 0.02
2.85 20.62 0.02
2.85 20.72 0.0201
2.85 20.83 0.0202
2.85 20.94 0.0203
2.85 21.05 0.0204
2.85 21.16 0.0205
2.85 21.27 0.0206
2.85 21.38 0.0208
2.85 21.49 0.0209
2.85 21.61 0.0211
2.85 21.72 0.0213
2.85 21.83 0.0215
2.85 21.95 0.0217
2.85 22.06 0.0219
2.85 22.18 0.0222
2.85 22.29 0.0225
2.85 22.41 0.0229
2.85 22.52 0.0232
2.85 22.64 0.0236
2.85 22.76 0.0241
2.85 22.88 0.0245
2.85 23.0 0.0251
2.85 23.12 0.0256
2.85 23.24 0.0262
2.85 23.36 0.0269
2.85 23.48 0.0276
2.85 23.61 0.0284
2.85 23.73 0.0293
2.85 23.85 0.0302
2.85 23.98 0.0312
2.85 24.1 0.0323
2.85 24.23 0.0335
2.85 24.36 0.0347
2.85 24.48 0.0361
2.85 24.61 0.0375
2.85 24.74 0.039
2.85 24.87 0.0406
2.85 25.0 0.0423
[ 0.47590387  0.52403101  0.55473285  0.5634973   0.54930874  0.51460916
  0.46409058  0.40468758  0.34216384  0.28234489  0.22812187  0.18187308
  0.14358462  0.11321327  0.08949327  0.07153539  0.05801142  0.04804128
  0.04065419  0.03523739  0.03120114  0.02819531  0.02590406  0.02415129
  0.02277716  0.0216969   0.02082816  0.020129    0.01955445  0.01908261
  0.01868736  0.01835673  0.01807478  0.01783481  0.01762676  0.01744688
  0.01728862  0.01714994  0.01702647  0.0169172   0.01681914  0.01673188
  0.01665336  0.01658352  0.01652095  0.01646577  0.01641704  0.01637499
  0.01633902  0.01630943  0.0162859   0.01626872  0.01625782  0.01625348
  0.01625584  0.01626514  0.01628174  0.01630579  0.01633788  0.01637806
  0.01642715  0.01648507  0.01655289  0.01663039  0.01671889  0.016818
  0.01692935  0.01705236  0.01718896  0.01733838  0.0175029   0.01768154
  0.01787695  0.0180879   0.01831747  0.01856416  0.01883151  0.01911771
  0.01942678  0.01975652  0.02011147  0.020489    0.02089413  0.02132368
  0.02178317  0.02226875  0.02278639  0.02333145  0.02391027  0.0245173
  0.02515918  0.0258293   0.02653451  0.02726707  0.02803394  0.02882616
  0.02965072  0.03049744]
2.75 15.08 0.1987
2.75 15.16 0.2151
2.75 15.24 0.2296
2.75 15.32 0.2415
2.75 15.4 0.2502
2.75 15.48 0.2552
2.75 15.56 0.2563
2.75 15.64 0.2534
2.75 15.72 0.2467
2.75 15.8 0.2369
2.75 15.89 0.2244
2.75 15.97 0.21
2.75 16.05 0.1944
2.75 16.14 0.1783
2.75 16.22 0.1623
2.75 16.3 0.1469
2.75 16.39 0.1324
2.75 16.48 0.1192
2.75 16.56 0.1072
2.75 16.65 0.0966
2.75 16.74 0.0873
2.75 16.82 0.0792
2.75 16.91 0.0722
2.75 17.0 0.0662
2.75 17.09 0.061
2.75 17.18 0.0566
2.75 17.27 0.0528
2.75 17.36 0.0496
2.75 17.45 0.0468
2.75 17.54 0.0444
2.75 17.63 0.0422
2.75 17.72 0.0404
2.75 17.82 0.0388
2.75 17.91 0.0374
2.75 18.0 0.0361
2.75 18.1 0.035
2.75 18.19 0.034
2.75 18.29 0.0331
2.75 18.38 0.0323
2.75 18.48 0.0316
2.75 18.57 0.031
2.75 18.67 0.0304
2.75 18.77 0.0298
2.75 18.87 0.0293
2.75 18.97 0.0289
2.75 19.06 0.0285
2.75 19.16 0.0281
2.75 19.26 0.0278
2.75 19.37 0.0275
2.75 19.47 0.0272
2.75 19.57 0.0269
2.75 19.67 0.0267
2.75 19.77 0.0265
2.75 19.88 0.0263
2.75 19.98 0.0261
2.75 20.08 0.0259
2.75 20.19 0.0258
2.75 20.3 0.0256
2.75 20.4 0.0255
2.75 20.51 0.0254
2.75 20.62 0.0253
2.75 20.72 0.0253
2.75 20.83 0.0252
2.75 20.94 0.0252
2.75 21.05 0.0252
2.75 21.16 0.0252
2.75 21.27 0.0252
2.75 21.38 0.0253
2.75 21.49 0.0254
2.75 21.61 0.0255
2.75 21.72 0.0256
2.75 21.83 0.0258
2.75 21.95 0.026
2.75 22.06 0.0262
2.75 22.18 0.0265
2.75 22.29 0.0268
2.75 22.41 0.0271
2.75 22.52 0.0275
2.75 22.64 0.028
2.75 22.76 0.0285
2.75 22.88 0.029
2.75 23.0 0.0296
2.75 23.12 0.0303
2.75 23.24 0.031
2.75 23.36 0.0318
2.75 23.48 0.0326
2.75 23.61 0.0335
2.75 23.73 0.0345
2.75 23.85 0.0355
2.75 23.98 0.0366
2.75 24.1 0.0378
2.75 24.23 0.039
2.75 24.36 0.0403
2.75 24.48 0.0416
2.75 24.61 0.043
2.75 24.74 0.0445
2.75 24.87 0.046
2.75 25.0 0.0475
2.77 15.08 0.5008
2.77 15.16 0.5453
2.77 15.24 0.5707
2.77 15.32 0.5734
2.77 15.4 0.5531
2.77 15.48 0.5132
2.77 15.56 0.4589
2.77 15.64 0.3973
2.77 15.72 0.334
2.77 15.8 0.2745
2.77 15.89 0.2212
2.77 15.97 0.1762
2.77 16.05 0.1391
2.77 16.14 0.1099
2.77 16.22 0.0871
2.77 16.3 0.0699
2.77 16.39 0.0568
2.77 16.48 0.0472
2.77 16.56 0.0401
2.77 16.65 0.0348
2.77 16.74 0.0308
2.77 16.82 0.0278
2.77 16.91 0.0254
2.77 17.0 0.0237
2.77 17.09 0.0222
2.77 17.18 0.0211
2.77 17.27 0.0202
2.77 17.36 0.0194
2.77 17.45 0.0188
2.77 17.54 0.0183
2.77 17.63 0.0179
2.77 17.72 0.0175
2.77 17.82 0.0172
2.77 17.91 0.0169
2.77 18.0 0.0167
2.77 18.1 0.0165
2.77 18.19 0.0163
2.77 18.29 0.0162
2.77 18.38 0.016
2.77 18.48 0.0159
2.77 18.57 0.0158
2.77 18.67 0.0157
2.77 18.77 0.0156
2.77 18.87 0.0156
2.77 18.97 0.0155
2.77 19.06 0.0155
2.77 19.16 0.0154
2.77 19.26 0.0154
2.77 19.37 0.0154
2.77 19.47 0.0154
2.77 19.57 0.0154
2.77 19.67 0.0154
2.77 19.77 0.0154
2.77 19.88 0.0154
2.77 19.98 0.0154
2.77 20.08 0.0154
2.77 20.19 0.0154
2.77 20.3 0.0154
2.77 20.4 0.0155
2.77 20.51 0.0155
2.77 20.62 0.0155
2.77 20.72 0.0156
2.77 20.83 0.0156
2.77 20.94 0.0157
2.77 21.05 0.0157
2.77 21.16 0.0158
2.77 21.27 0.0159
2.77 21.38 0.0159
2.77 21.49 0.016
2.77 21.61 0.0161
2.77 21.72 0.0162
2.77 21.83 0.0163
2.77 21.95 0.0164
2.77 22.06 0.0165
2.77 22.18 0.0166
2.77 22.29 0.0168
2.77 22.41 0.0169
2.77 22.52 0.0171
2.77 22.64 0.0173
2.77 22.76 0.0175
2.77 22.88 0.0177
2.77 23.0 0.0179
2.77 23.12 0.0182
2.77 23.24 0.0184
2.77 23.36 0.0188
2.77 23.48 0.0191
2.77 23.61 0.0195
2.77 23.73 0.0199
2.77 23.85 0.0203
2.77 23.98 0.0208
2.77 24.1 0.0214
2.77 24.23 0.022
2.77 24.36 0.0227
2.77 24.48 0.0234
2.77 24.61 0.0242
2.77 24.74 0.025
2.77 24.87 0.026
2.77 25.0 0.027
2.79 15.08 0.5188
2.79 15.16 0.5632
2.79 15.24 0.5871
2.79 15.32 0.587
2.79 15.4 0.5632
2.79 15.48 0.5195
2.79 15.56 0.4616
2.79 15.64 0.3971
2.79 15.72 0.3316
2.79 15.8 0.2707
2.79 15.89 0.2166
2.79 15.97 0.1713
2.79 16.05 0.1343
2.79 16.14 0.1053
2.79 16.22 0.0829
2.79 16.3 0.066
2.79 16.39 0.0534
2.79 16.48 0.0441
2.79 16.56 0.0373
2.79 16.65 0.0323
2.79 16.74 0.0286
2.79 16.82 0.0259
2.79 16.91 0.0238
2.79 17.0 0.0222
2.79 17.09 0.021
2.79 17.18 0.02
2.79 17.27 0.0192
2.79 17.36 0.0186
2.79 17.45 0.018
2.79 17.54 0.0176
2.79 17.63 0.0173
2.79 17.72 0.017
2.79 17.82 0.0167
2.79 17.91 0.0165
2.79 18.0 0.0163
2.79 18.1 0.0162
2.79 18.19 0.016
2.79 18.29 0.0159
2.79 18.38 0.0158
2.79 18.48 0.0157
2.79 18.57 0.0157
2.79 18.67 0.0156
2.79 18.77 0.0156
2.79 18.87 0.0155
2.79 18.97 0.0155
2.79 19.06 0.0155
2.79 19.16 0.0154
2.79 19.26 0.0154
2.79 19.37 0.0154
2.79 19.47 0.0154
2.79 19.57 0.0154
2.79 19.67 0.0154
2.79 19.77 0.0154
2.79 19.88 0.0155
2.79 19.98 0.0155
2.79 20.08 0.0155
2.79 20.19 0.0155
2.79 20.3 0.0156
2.79 20.4 0.0156
2.79 20.51 0.0157
2.79 20.62 0.0157
2.79 20.72 0.0158
2.79 20.83 0.0159
2.79 20.94 0.0159
2.79 21.05 0.016
2.79 21.16 0.0161
2.79 21.27 0.0162
2.79 21.38 0.0163
2.79 21.49 0.0164
2.79 21.61 0.0165
2.79 21.72 0.0166
2.79 21.83 0.0167
2.79 21.95 0.0169
2.79 22.06 0.017
2.79 22.18 0.0172
2.79 22.29 0.0174
2.79 22.41 0.0175
2.79 22.52 0.0177
2.79 22.64 0.0179
2.79 22.76 0.0181
2.79 22.88 0.0184
2.79 23.0 0.0186
2.79 23.12 0.0189
2.79 23.24 0.0192
2.79 23.36 0.0195
2.79 23.48 0.0198
2.79 23.61 0.0201
2.79 23.73 0.0204
2.79 23.85 0.0208
2.79 23.98 0.0212
2.79 24.1 0.0216
2.79 24.23 0.022
2.79 24.36 0.0224
2.79 24.48 0.0228
2.79 24.61 0.0233
2.79 24.74 0.0238
2.79 24.87 0.0243
2.79 25.0 0.0248
2.81 15.08 0.1572
2.81 15.16 0.175
2.81 15.24 0.1927
2.81 15.32 0.2094
2.81 15.4 0.2246
2.81 15.48 0.2373
2.81 15.56 0.2471
2.81 15.64 0.2533
2.81 15.72 0.2557
2.81 15.8 0.2541
2.81 15.89 0.2486
2.81 15.97 0.2398
2.81 16.05 0.2281
2.81 16.14 0.2143
2.81 16.22 0.199
2.81 16.3 0.1831
2.81 16.39 0.1671
2.81 16.48 0.1517
2.81 16.56 0.137
2.81 16.65 0.1235
2.81 16.74 0.1113
2.81 16.82 0.1004
2.81 16.91 0.0909
2.81 17.0 0.0826
2.81 17.09 0.0754
2.81 17.18 0.0692
2.81 17.27 0.0639
2.81 17.36 0.0594
2.81 17.45 0.0555
2.81 17.54 0.0522
2.81 17.63 0.0493
2.81 17.72 0.0468
2.81 17.82 0.0447
2.81 17.91 0.0428
2.81 18.0 0.0412
2.81 18.1 0.0398
2.81 18.19 0.0385
2.81 18.29 0.0374
2.81 18.38 0.0364
2.81 18.48 0.0355
2.81 18.57 0.0347
2.81 18.67 0.034
2.81 18.77 0.0334
2.81 18.87 0.0328
2.81 18.97 0.0323
2.81 19.06 0.0319
2.81 19.16 0.0314
2.81 19.26 0.031
2.81 19.37 0.0307
2.81 19.47 0.0304
2.81 19.57 0.0301
2.81 19.67 0.0298
2.81 19.77 0.0296
2.81 19.88 0.0294
2.81 19.98 0.0292
2.81 20.08 0.029
2.81 20.19 0.0288
2.81 20.3 0.0287
2.81 20.4 0.0285
2.81 20.51 0.0284
2.81 20.62 0.0283
2.81 20.72 0.0282
2.81 20.83 0.0282
2.81 20.94 0.0281
2.81 21.05 0.028
2.81 21.16 0.028
2.81 21.27 0.028
2.81 21.38 0.028
2.81 21.49 0.028
2.81 21.61 0.028
2.81 21.72 0.0281
2.81 21.83 0.0281
2.81 21.95 0.0282
2.81 22.06 0.0283
2.81 22.18 0.0285
2.81 22.29 0.0286
2.81 22.41 0.0289
2.81 22.52 0.0291
2.81 22.64 0.0294
2.81 22.76 0.0297
2.81 22.88 0.03
2.81 23.0 0.0304
2.81 23.12 0.0309
2.81 23.24 0.0314
2.81 23.36 0.0319
2.81 23.48 0.0325
2.81 23.61 0.0332
2.81 23.73 0.0339
2.81 23.85 0.0347
2.81 23.98 0.0355
2.81 24.1 0.0363
2.81 24.23 0.0372
2.81 24.36 0.0382
2.81 24.48 0.0392
2.81 24.61 0.0402
2.81 24.74 0.0413
2.81 24.87 0.0424
2.81 25.0 0.0435
