#"Step","Potential Energy (kJ/mole)","Kinetic Energy (kJ/mole)","Total Energy (kJ/mole)","Temperature (K)"
5,517.0181016224059,6.04636609200455,523.0644677144104,29.68203377774383
10,517.1063665763999,11.908542912307416,529.0149094887073,58.45986954614501
15,517.6572542474346,16.617399075665208,534.2746533230998,81.57597359418584
20,518.7541216830627,19.167098937670985,537.9212206207337,94.09262843704104
25,520.5031708508185,26.661501306165512,547.164672156984,130.88317351167933
30,522.801602846365,27.754838804265997,550.556441650631,136.25044371253702
35,525.2155174013182,30.583604895092904,555.799122296411,150.13705417899396
40,528.1586005611081,41.48594907163439,569.6445496327425,203.65742379945283
45,531.2796276903919,48.97773800165221,580.2573656920441,240.4351393219335
50,534.048686574056,45.08466605218944,579.1333526262454,221.32377700201954
55,536.5593831590144,42.55743242914904,579.1168155881634,208.91741049660243
60,538.4080214668542,49.15278452177666,587.5608059886308,241.2944549247186
65,539.6504357446817,48.833592146058876,588.4840278907405,239.7275172412426
70,541.2113233149263,42.846222881551235,584.0575461964776,210.33510301347252
75,542.7383130934791,50.825735815278975,593.5640489087581,249.5070897613554
80,544.1422190274568,48.8030641179032,592.94528314536,239.5776530171621
85,545.2522099469978,47.4604064432421,592.7126163902399,232.98645264245485
90,545.9711371995971,44.674822786650694,590.6459599862478,219.31182776404862
95,546.9556419453758,47.766704791814135,594.7223467371899,234.49009264539885
100,548.1443818672461,51.54617287727334,599.6905547445194,253.04376565617636
105,549.6250244037267,56.18192937727956,605.8069537810062,275.8010183472654
110,551.8904601515349,53.637749720915394,605.5282098724502,263.31146257975905
115,554.3258784038229,50.98839912418242,605.3142775280053,250.30561531468837
120,557.1095419853826,62.49674175655167,619.6062837419342,306.80087371320616
125,559.6401955552378,62.65226619991191,622.2924617551497,307.56435407659137
130,561.8158559944965,61.10453781111342,622.9203938056099,299.9664472320424
135,562.5502563525206,64.68532926862079,627.2355856211414,317.5448027890004
140,563.59514224318,57.87017362963741,621.4653158728174,284.08872738787926
145,564.61459670516,58.5557551346958,623.1703518398558,287.45429491734944
150,564.717043894238,66.752366521725,631.469410415963,327.6920331473516
155,563.8111688340693,71.88317551139849,635.6943443454678,352.8795331136579
160,562.3471217376622,75.43221213924524,637.7793338769075,370.30200199219604
165,561.2105255470605,73.93375620995315,635.1442817570136,362.9459770954364
170,561.4444725149228,68.22170248707174,629.6661750019946,334.90510610566076
175,562.8557935003051,69.09414775261979,631.9499412529249,339.1880008968766
180,565.4595980936522,59.38974715949298,624.8493452531452,291.5484200618942
185,568.9829029373795,51.82615523872673,620.8090581761063,254.41821863890613
190,573.0591082252469,54.76491110911392,627.8240193343607,268.8447766213482
195,577.2283740243067,47.98869066975767,625.2170646940644,235.57983683670994
200,580.8890297893208,50.162081789744335,631.0511115790652,246.2491657615659
205,584.4431946061939,50.336917438755194,634.7801120449491,247.10744618331483
210,587.5872265776746,58.804590530599974,646.3918171082746,288.67584526907103
215,590.29926134426,62.96314553975179,653.2624068840119,309.09048248587374
220,591.6329432622225,60.148904833849095,651.7818480960716,295.2751781493128
225,592.1759010285967,65.52701478555639,657.7029158141531,321.67669582421644
230,593.5949637249649,67.38044800179259,660.9754117267576,330.77532903497473
235,595.0372353408266,68.29082903292347,663.3280643737501,335.2444531510908
240,595.1999473227239,68.6643031529536,663.8642504756775,337.0778637116102
245,594.5723893706214,68.44609987806842,663.0184892486898,336.006688583111
250,592.3971232749916,64.46081385431533,656.857937129307,316.44264092687774
255,589.7470895373036,70.51051914367748,660.2576086809811,346.141067057855
260,587.6548820966001,67.52402158512899,655.178903681729,331.48014179115535
265,585.4248312207486,74.32576584364804,659.7505970643966,364.8703797881413
270,582.5636127946108,74.27212670711923,656.83573950173,364.6070615176246
275,580.0971122567387,75.06276285409118,655.1598751108298,368.48834962741324
280,577.6678501986635,79.66937684772746,657.3372270463909,391.102539717714
285,576.2530419606392,78.95560939645495,655.2086513570941,387.5986054081226
290,575.9359867406091,82.69056408121797,658.6265508218271,405.9337590234613
295,576.8263021110919,82.00203088764377,658.8283329987356,402.55370144874837
300,578.3687319005331,73.65373331345012,652.0224652139832,361.5713251233146
305,579.6465195415121,70.23236580173591,649.878885343248,344.7755928597545
310,580.8277848341114,67.7942861453006,648.622070979412,332.80688940813286
315,580.837024125732,73.49574590118998,654.3327700269219,360.7957538734419
320,579.1527841490757,76.01826626854928,655.171050417625,373.1789826772709
325,575.9554023941265,71.5267056710892,647.4821080652157,351.1295977508623
330,572.5782675015636,79.8512773692801,652.4295448708436,391.9955020925947
335,570.9272716309492,75.60392784581154,646.5311994767608,371.1449663984052
340,570.0035745918572,83.10035830153798,653.1039328933952,407.9454674950253
345,570.1472709969622,80.09537977861628,650.2426507755785,393.1938178824252
350,570.3135762920124,75.73468516061305,646.0482614526254,371.7868631965097
355,570.1683997520917,76.18408310140723,646.3524828534989,373.99298910012317
360,570.456072042694,79.64741263097538,650.1034846736694,390.9947158424116
365,570.9823843841647,77.87684275576628,648.8592271399309,382.3028645647809
370,571.5072353583234,83.57651187431486,655.0837472326383,410.2829386662211
375,572.1758910125329,85.74139814182034,657.9172891543533,420.91051667577034
380,573.3038230482513,83.83389781726794,657.1377208655192,411.5464642510765
385,574.5595948594988,91.97716156244157,666.5367564219404,451.522315178288
390,575.8060442796153,92.3054272426338,668.1114715222491,453.1337943476397
395,576.9808119870456,92.785816767512,669.7666287545576,455.49206010378776
400,578.6186199305627,94.57081268632942,673.1894326168921,464.2547298378508
405,580.0158409751164,92.42104051481516,672.4368814899315,453.70134798197563
410,581.3406413479875,99.80705735228982,681.1476987002773,489.9598209088482
415,583.0014724471943,82.84513204156312,665.8466044887574,406.69254394486865
420,585.1070997425691,86.15790692449706,671.2650066670661,422.95518740328134
425,587.5578581518346,80.27207660600354,667.8299347578381,394.06123495891757
430,589.8576078283952,70.40627915374655,660.2638869821418,345.6293456610622
435,591.8917495464378,74.3070423095049,666.1987918559428,364.77846465028506
440,593.4959240357313,77.23050367836538,670.7264277140966,379.1299408556695
445,594.2943444367904,82.35508205381566,676.6494264906061,404.28685430124324
450,592.6557774328205,75.0071086110945,667.662886043915,368.2151390583928
455,589.8385951820248,87.15537609965523,676.99397128168,427.8518333057605
460,587.0806548085885,90.35274916031901,677.4334039689076,443.54796115223155
465,586.0312929687545,87.87096811820855,673.9022610869631,431.36472454366805
470,586.5911689555408,80.79842925393184,667.3895982094726,396.64513689887326
475,588.3922387470624,84.35117136755638,672.7434101146188,414.0857962661025
480,592.4199531434696,77.91422401116195,670.3341771546316,382.486371760413
485,597.0256633162642,76.86334996542094,673.8890132816852,377.32755761532087
490,600.7402393570201,78.74940951452191,679.4896488715419,386.58635577464497
495,602.4719010275326,79.34952146040662,681.8214224879392,389.53234726393504
500,603.3373542554415,76.03322747781635,679.3705817332578,373.25242829932944
505,602.9735610502468,79.84457236801997,682.8181334182667,391.96258677273903
510,600.8287498234024,76.69292384623793,677.5216736696403,376.4909238837165
515,597.5766019218474,85.76158270509421,683.3381846269417,421.009604107753
520,593.3304534435166,89.40897052334479,682.7394239668614,438.914885854587
525,589.738321424533,92.86070267962036,682.5990241041533,455.8596802807428
530,586.9373068332967,91.8338011619359,678.7711079952326,450.81854895152463
535,586.1597601111321,95.73232196925247,681.8920820803845,469.95666009550996
540,587.9545686890108,100.50304506748463,688.4576137564954,493.3764732512568
545,591.624246488263,97.67639465623664,689.3006411444997,479.50024880373564
550,597.2723044877678,89.99086787825772,687.2631723660255,441.77146064362347
555,601.7663751917362,84.99138495253334,686.7577601442695,417.228649504742
560,606.1751237487467,86.06151405905209,692.2366378077988,422.4819880890925
565,609.3962355613903,84.94237855120423,694.3386141125945,416.98807365514205
570,611.7962159171643,82.13634401738165,693.9325599345459,403.21305399092176
575,613.5832576949622,96.75242276550446,710.3356804604666,474.96440620785575
580,612.501239469165,105.80404539595375,718.3052848651187,519.399454395835
585,609.3907191300535,110.55315233951971,719.9438714695732,542.713152337388
590,603.121409240648,109.17764081789944,712.2990500585474,535.9606701315228
595,596.6557294260093,125.64763382312582,722.3033632491351,616.8130170224568
600,590.6038712085578,138.298189779135,728.9020609876928,678.9154804657537
605,585.7772821995125,146.68503151961448,732.462313719127,720.0870727976652
610,582.0080770497066,149.6823947444388,731.6904717941454,734.801338379607
615,580.3195558720308,132.94254688138858,713.2621027534194,652.6242551291582
620,580.6732537641409,130.66923784353688,711.3424916076777,641.4644221613872
625,582.0079101301737,124.94497324918858,706.9528833793623,613.3636071500587
630,585.5164613345371,117.47189794016806,702.9883592747052,576.6777581011085
635,589.9011224322087,102.86356223523036,692.764684667439,504.96441702439745
640,594.3104582323881,97.34631311272122,691.6567713451093,477.87985543440425
645,599.1740189776943,112.2443179284576,711.4183369061519,551.0152024234706
650,604.5833456740257,111.1635819777609,715.7469276517867,545.7097940996476
655,610.0996865845484,106.03242355481973,716.1321101393681,520.5205787410055
660,614.1551811020815,100.10262512424235,714.2578062263239,491.41078376111557
665,618.0760214269471,92.85086536425638,710.9268867912035,455.8113882120071
670,620.0004779814851,93.73152034756964,713.7319983290547,460.1345850815795
675,618.8525308072258,93.77573340489667,712.6282642121224,460.3516300704256
680,616.1791152407549,94.2182751303284,710.3973903710832,462.52409833358536
685,612.050220840055,111.27629242168595,723.326513261741,546.2630975471699
690,607.2174265379699,129.43593548681866,736.6533620247885,635.4100546862373
695,602.6011166546967,139.87329350506624,742.474410159763,686.6477747537832
700,599.7663342680529,138.2801806328575,738.0465149009104,678.8270723078648
705,600.3022701076305,143.08139568728774,743.3836657949182,702.3965726079308
710,604.2644656348948,144.57659753232988,748.8410631672247,709.7366229776517
715,612.0270522502133,155.306738998246,767.3337912484593,762.4116374549346
720,622.8637731231918,133.27309863623609,756.1368717594279,654.2469567987857
725,635.158569265134,115.24136029732797,750.399929562462,565.727892901107
730,647.381523799091,108.9265633462193,756.3080871453103,534.728113273099
735,657.5094393865265,97.0932434404403,754.6026828269669,476.6375187239795
740,660.9502103678082,91.44949340886568,752.3997037766738,448.9319553291564
745,658.8146487795095,86.86198345032672,745.6766322298363,426.4115482824924
750,652.3585576815766,99.54222674771133,751.9007844292879,488.6597489597028
755,642.5362294006071,108.77876196813283,751.3149913687399,534.0025459769736
760,632.4183682632132,134.15729466987617,766.5756629330893,658.5875369319268
765,624.0753785918425,143.2510618557106,767.3264404475531,703.2294756881341
770,618.5896193609516,147.12674894663255,765.7163683075842,722.2554945222952
775,616.4758903720376,155.69870852334157,772.1745988953792,764.3358432517217
780,616.9721484767786,153.78199178303154,770.7541402598101,754.9265467978599
785,619.099941618548,154.7220224802322,773.8219640987802,759.5412231971804
790,623.8845822978783,142.71456889537947,766.5991511932577,700.5957942458001
795,629.536436753214,133.73062556934212,763.2670623225562,656.4929884938628
800,635.771992319661,127.67690301903635,763.4488953386973,626.7748413481125
805,639.9604337241246,122.9019578645161,762.8623915886408,603.3343018229322
810,642.0431599439611,111.7371469791243,753.7803069230854,548.5254647826903
815,641.0096531365367,116.38031699446316,757.3899701309999,571.319110938741
820,636.7374379369394,119.46850326779733,756.2059412047367,586.4792332142151
825,629.5257983829537,125.19078868935918,754.7165870723129,614.5703323279938
830,621.0036648162123,122.96314450632504,743.9668093225374,603.6346713244284
835,610.3917363267204,135.9701315413639,746.3618678680843,667.4868798486901
840,602.7072791792049,135.72017080376065,738.4274499829655,666.259805115908
845,596.58923896441,141.85518013263527,738.4444190970453,696.3769947394787
850,592.7925533159198,147.5369853166542,740.329538632574,724.2693735376502
855,591.7198607242752,141.24616707093978,732.966027795215,693.3873070504986
860,593.4706559498682,139.44133094292135,732.9119868927895,684.5272403426663
865,597.1413538128942,132.4151281501423,729.5564819630365,650.0351197116769
870,600.9184082247064,127.48173905266498,728.4001472773714,625.8167677955215
875,605.2517394416711,118.6991513031697,723.9508907448409,582.7024306432878
880,609.6855894849991,112.09369710699043,721.7792865919896,550.2757942827145
885,615.8686460209838,106.82630883491603,722.6949548558998,524.4178170724113
890,621.5503552436124,97.4444787891284,718.9948340327409,478.36175760152344
895,623.2621381943728,104.85280346739519,728.1149416617681,514.7297412781298
900,619.4063390937728,115.81978307138026,735.226122165153,568.5674107298305
905,611.138933311655,111.58553404554661,722.7244673572017,547.7811862942364
910,600.5893850112296,117.02222840437821,717.6116134156078,574.4702989186771
915,589.9662836017606,123.88152031071509,713.8478039124757,608.1430423412966
920,581.922098136268,139.87004685083815,721.7921449871062,686.6318367012411
925,576.7266745576206,147.521997970419,724.2486725280396,724.195799607388
930,576.0718632193319,139.4782163711506,715.5500795904825,684.708313488081
935,578.329679346166,131.74735952533925,710.0770388715052,646.7569968564743
940,582.804149949985,138.14795918293322,720.9521091329182,678.1779879681017
945,589.5984184157086,127.85248801910542,717.450906434814,627.6368003865849
950,599.4420159947127,118.73195287925384,718.1739688739666,582.8634558730668
955,609.9827483696374,106.25548563217052,716.238234001808,521.6156060704315
960,617.7343473214047,105.36624050244907,723.1005878238537,517.2502395717027
965,622.9352185020432,105.6090728639051,728.5442913659483,518.4423206077151
970,627.1548713309139,94.51288897526044,721.6677603061744,463.9703782914311
975,629.3432210908089,89.20502996639601,718.5482510572049,437.9137274053806
980,628.337431458694,95.5636301115114,723.9010615702055,469.12853997454647
985,627.3462203157065,97.29847782548981,724.6446981411964,477.6450286657691
990,625.9343484936603,100.18286704700844,726.1172155406688,491.8046969687667
995,624.176467229192,103.24195264955569,727.4184198787477,506.8219620172537
1000,622.2782671189167,108.69673757504336,730.97500469396,533.599882497913
1005,621.2304930540247,103.57858827039132,724.809081324416,508.47452981027044
1010,620.0641461692549,100.6462168835348,720.7103630527897,494.07931370374644
1015,619.7632051498412,96.48550728301457,716.2487124328558,473.65409944731334
1020,620.2052195858847,92.11284859912152,712.3180681850063,452.1884123256741
1025,622.2474189906501,100.08454189787868,722.3319608885288,491.3220119389054
1030,625.6001902267577,95.37518929756395,720.9753795243216,468.20347084714274
1035,628.0983679460975,80.21107763634883,708.3094455824463,393.7617867531444
1040,629.4266689477216,82.44848790113188,711.8751568488535,404.7453901346499
1045,629.183222654677,87.58011279897488,716.763335453652,429.93689545119105
1050,626.8725614213909,85.56754602139716,712.4401074427881,420.0570644646055
1055,621.5845527588706,93.64904855759512,715.2336013164658,459.7297252999378
1060,613.4907601145215,99.58365987273288,713.0744199872545,488.8631470665481
1065,604.0170251935806,114.95357023817274,718.9705954317533,564.3151113846124
1070,595.6849496299416,115.68234629776775,711.3672959277093,567.8927240015386
1075,591.0243284914702,107.35721742351319,698.3815459149835,527.0240844435638
1080,589.6863161218632,108.5973457679629,698.2836618898261,533.111961169614
1085,591.3880977555131,111.33555668068999,702.7236544362031,546.5540299371053
1090,595.1476217067236,110.93642997352589,706.0840516802496,544.5946890332672
1095,601.1940016860538,96.66262652615198,697.8566282122057,474.52359019224946
1100,607.6914366346903,85.87453949343193,693.5659761281222,421.5641168772162
1105,611.1794484492945,79.57807378972842,690.7575222390228,390.6543266240473
1110,609.6867540010279,86.2363176935151,695.9230716945431,423.34011134918836
1115,603.7590766955509,88.40507131392046,692.1641480094713,433.98667446444534
1120,595.7416742388534,100.64232524432421,696.3839994831776,494.06020937484175
1125,586.2508019012446,111.52574974898083,697.7765516502254,547.4877010035606
1130,577.5676178058931,109.20542415129525,686.7730419571883,536.0970604571768
1135,570.1438128171283,117.1459742580233,687.2897870751516,575.0777759638739
1140,563.6250242126362,129.61678566134697,693.2418098739831,636.297860834158
1145,557.9643849542302,132.21414906126054,690.1785340154908,649.0484993162137
1150,553.9814079070354,132.4832371693506,686.464645076386,650.3694716476906
1155,553.383970978189,132.0948557947017,685.4788267728907,648.4628803322524
1160,557.2977831254176,136.4346352604053,693.7324183858229,669.7671610735907
1165,566.3527575581405,129.74462068195595,696.0973782400965,636.9254118858072
1170,578.840715728412,103.03678820278367,681.8775039311956,505.814795407357
1175,590.9318702682571,80.71934042316813,671.6512106914251,396.25688430046125
1180,600.8086353987834,73.1236419171958,673.9322773159791,358.96906940649353
1185,609.8169411504853,70.88740009804691,680.7043412485322,347.99120200627874
1190,616.5114227983712,60.62227898765808,677.1337017860293,297.5990049585179
1195,619.9625481197713,59.6315171659839,679.5940652857553,292.7352859231259
1200,619.4754289645774,57.048592597584005,676.5240215621615,280.05552867422386
1205,615.2595463955224,62.96544287983322,678.2249892753556,309.1017602889142
1210,609.9382716812484,64.17827500374246,674.1165466849908,315.0556379603656
1215,604.1137660410266,65.35512572457735,669.4688917656039,320.83288040907786
1220,599.0585752330038,66.49842667102683,665.5570019040306,326.44542467025235
1225,595.6049757705946,63.2248574122511,658.8298331828457,310.37524436124767
1230,593.3428091543733,59.32718347756284,652.6699926319361,291.24129057418986
1235,590.4599166223428,61.46700485779356,651.9269214801363,301.7458233001085
1240,587.4679125939148,68.57338023882038,656.0412928327352,336.6315167707523
1245,584.4821543671677,74.98325224195416,659.4654066091218,368.09802647475783
1250,581.4117430721698,83.83550054552708,665.2472436176969,411.55433215612896
1255,578.6638463497726,97.12038629168609,675.7842326414586,476.7707648779904
1260,577.0367731794615,93.8057741233313,670.8425473027928,460.4991020570232
1265,575.4523641141122,100.84473808745855,676.2971022015709,495.0538681701481
1270,574.9777860869378,102.47780290536357,677.4555889923014,503.07069751007185
1275,574.6589752799041,97.32456172187841,671.9835370017825,477.77307633636667
1280,575.283526409352,87.92233016051088,663.2058565698629,431.61686439946135
1285,576.5769470851669,89.42853755145936,666.0054846366263,439.01094176330787
1290,577.5234858616931,95.95992468477094,673.483410546464,471.07397773508507
1295,576.7489561800527,99.1897732136139,675.9387293936666,486.92952992483515
1300,574.6301397239594,97.13501095555247,671.7651506795119,476.842558375153
1305,572.9746559691763,98.21497600480006,671.1896319739764,482.1441822898774
1310,572.0580885372564,91.81833608473927,663.8764246219956,450.7426298065802
1315,571.5890302738509,86.70420116937868,658.2932314432296,425.6369840365692
1320,571.1195535460383,90.60391247187178,661.7234660179101,444.78093940459
1325,570.8802951158692,98.26267891589453,669.1429740317637,482.37835921480337
1330,571.3486441957368,105.42238772548116,676.771031921218,517.5258702141755
1335,572.7418964919777,106.45456831469305,679.1964648066707,522.5929168745212
1340,575.8171625745431,113.72731295947536,689.5444755340185,558.2953286899074
1345,579.7219591770099,114.71593857198175,694.4378977489916,563.148560925177
1350,583.753873642366,92.00698550705405,675.7608591494201,451.6687230070405
1355,586.1851550333,84.04735014079814,670.2325051740982,412.59431662728963
1360,587.7090304380134,82.19325369589791,669.9022841339113,403.4924275806609
1365,588.4323082353903,81.43384919958572,669.866157434976,399.7644578270074
1370,588.2341150932857,84.5751545905132,672.8092696837989,415.18534556369525
1375,586.8696700174863,85.71770257293959,672.587372590426,420.7941934718493
1380,583.0550962179417,103.01451701375755,686.0696132316992,505.7054645837044
1385,578.9282199966825,109.64778722705539,688.5760072237379,538.2686517166114
1390,575.4650043811274,115.43054017530234,690.8955445564297,566.6565901454783
1395,573.798711833319,118.24034035643795,692.039052189757,580.4500956355715
1400,574.763401213168,105.90288795242849,680.6662891655965,519.8846794145188
1405,577.1521783322665,104.42319670923862,681.5753750415051,512.620771673459
1410,581.0217259065189,107.73168951137234,688.7534154178912,528.8623940979122
1415,584.7145532517012,109.35582955181181,694.070382803513,536.8354110814289
1420,586.6505381574863,108.52836131968715,695.1788994771734,532.773311691117
1425,586.7738790670643,98.7564469567473,685.5303260238115,484.8023010410092
1430,585.7645902387195,105.86270506847438,691.6272953071939,519.6874188284636
1435,584.1437901928416,102.59503240214872,686.7388225949903,503.64618530395944
1440,584.248902787715,111.1331219960329,695.3820247837479,545.5602639202369
1445,584.8842636879048,114.77607134190738,699.6603350298121,563.443756895934
1450,585.5330426554735,107.48803936376319,693.0210820192367,527.6662984925123
1455,585.60532864397,105.46170623533688,691.0670348793069,517.7188875273632
1460,586.3857928563551,112.54319402784648,698.9289868842015,552.4824060863701
1465,588.7653919674973,117.12311923247552,705.8885111999728,574.9655790459271
1470,591.0430968219924,103.14973797602552,694.192834798018,506.3692737392241
1475,593.9458690857456,100.27845133248364,694.2243204182292,492.2739269073653
1480,595.7578606958226,97.10049140566424,692.8583521014868,476.6730994918859
1485,594.666270017226,85.3701431116449,680.0364131288709,419.08799978245867
1490,591.2542958976338,90.14680696978057,681.4011028674144,442.5369765438222
1495,587.0608617997596,101.00369732798289,688.0645591277424,495.83421019289915
1500,583.4375057126596,98.2247254887198,681.6622312013794,482.1920431879139
1505,579.6054708835501,87.14733287424272,666.7528037577928,427.81234855000093
1510,576.3414323941953,78.16041367256342,654.5018460667587,383.69493401652795
1515,573.8984987654942,67.2368746587015,641.1353734241957,330.07051745817506
1520,572.2677817064025,66.05975625879444,638.3275379651969,324.2919609541872
1525,571.1670020488957,65.09941077368883,636.2664128225846,319.57755784106735
1530,569.1059181874791,67.04437116401195,636.1502893514911,329.1255043470331
1535,567.31278296695,66.80812810123682,634.1209110681867,327.9657706388275
1540,565.1091298813095,77.97466560144125,643.0837954827507,382.78308375187237
1545,562.9064757854904,84.79751959862621,647.7039953841166,416.27695093150896
1550,561.343327228432,78.46423649940043,639.8075637278324,385.1864215102394
1555,561.2425902292695,84.5984935303801,645.8410837596496,415.2999180508594
1560,562.8590971436007,80.9480098829141,643.8071070265148,397.37943866201306
1565,566.110928453696,90.21226942229136,656.3231978759874,442.85833629892676
1570,570.783375407476,94.6595447617532,665.4429201692292,464.69032179834767
1575,577.2680189133399,89.75759961612737,667.0256185294672,440.62633043971726
1580,584.5300972274302,94.95161924913513,679.4817164765653,466.1241358724825
1585,592.551862619426,87.44976306583624,680.0016256852622,429.29699949995893
1590,599.2435227749174,74.22133350130882,673.4648562762262,364.35771411993096
1595,603.531082092135,68.17505337452431,671.7061354666592,334.6761023514611
1600,605.5932004121512,77.34709048723171,682.940290899383,379.70227364964063
1605,603.6930729742567,74.82589837368789,678.5189713479446,367.3255653366349
1610,598.2159449044135,80.33571662637921,678.5516615307927,394.37364826728555
1615,589.4412113640254,83.29896733074483,672.7401786947703,408.92045310188064
1620,579.5966879148799,103.63053584084109,683.227223755721,508.7295440646671
1625,571.2716012568914,110.18402340355347,681.4556246604449,540.9010725891603
1630,566.1945023519525,120.63447975360675,686.8289821055592,592.2030932830944
1635,564.1795119657781,121.42150589070224,685.6010178564804,596.0666596020651
1640,565.1756023658711,115.78661641857084,680.9622187844419,568.404593312889
1645,568.353896600761,95.50816914521546,663.8620657459765,468.8562782143597
1650,572.085389869523,99.84208511536039,671.9274749848835,490.13177464615075
1655,576.8824755744827,95.4047126581518,672.2871882326344,468.34840308790797
1660,582.3417534156864,86.36842663185875,668.7101800475451,423.98864336173773
1665,588.3288897988175,74.45556520824044,662.7844550070579,365.50757394171
1670,594.1146525284121,79.33560032818956,673.4502528566017,389.4640074528148
1675,598.8580850541684,61.063488051411085,659.9215731055796,299.7649310923459
1680,601.283106260943,49.5365779628177,650.8196842237606,243.17852375338592
1685,601.6373113622778,55.34295204805315,656.980263410331,271.68241999481205
1690,601.0445430166385,68.59077154477482,669.6353145614133,336.7168919073094
1695,600.4079750640252,75.23508164852645,675.6430567125517,369.3342746341262
1700,600.5156310316868,67.94282350928265,668.4584545409695,333.53606971046395
1705,601.3121765730996,66.04707527028461,667.3592518433842,324.22970909520996
1710,603.0949453771354,61.5940982407383,664.6890436178737,302.36973360062467
1715,605.5661700285044,52.79657161349035,658.3627416419947,259.1820604532975
1720,606.2590929678372,57.01658201946906,663.2756749873063,279.89838650876527
1725,605.6829030901571,51.84282013724002,657.5257232273971,254.50002779055976
1730,602.2477205290462,55.16694715588734,657.4146676849335,270.8183996766871
1735,596.8629540447712,73.72007164750576,670.5830256922769,361.8969846421457
1740,591.1088792358696,78.56230960892104,669.6711888447907,385.6678692600422
1745,585.8774114296474,97.96689990625902,683.8443113359065,480.9263593819851
1750,582.4826092920542,98.39362955807849,680.8762388501327,483.0212050705416
1755,580.3712201926809,103.66878955141475,684.0400097440956,508.9173342037513
1760,579.2075338446621,109.39119149506494,688.598725339727,537.0090053326062
1765,579.4372550715415,112.89534384679307,692.3325989183345,554.2111341623331
1770,580.9947351482895,135.47444207069316,716.4691772189826,665.0535055892028
1775,585.6286594375739,121.9498331883858,707.5784926259597,598.6602552356944
1780,593.3242118404759,113.31080135461555,706.6350131950915,556.2506441081023
1785,602.2357816483388,99.43696596534512,701.672747613684,488.1430164214933
1790,610.692620193353,96.55582930260051,707.2484494959535,473.9993151568665
1795,620.0404806289275,84.82573456804487,704.8662151969723,416.4154601885699
1800,628.7595793958538,75.49379020007663,704.2533695959305,370.60429299703316
1805,634.6735911049068,75.52678880258544,710.2003799074922,370.76628544330265
1810,637.2968666196905,66.88483073757709,704.1816973572676,328.3423092420233
1815,635.9816989896822,74.66292459426916,710.6446235839513,366.5255156618409
1820,631.243177507861,83.82200113574386,715.0651786436049,411.48806260991427
1825,623.8022558599854,82.24650185033512,706.0487577103205,403.7538264927608
1830,614.2938961787561,109.57552542274733,723.8694216015034,537.9139134682695
1835,603.2781292189777,107.8237765647333,711.101905783711,529.3144558796108
1840,591.8403997708374,118.217749823941,710.0581495947783,580.3391971324991
1845,581.388130469458,125.24988133632951,706.6380118057875,614.8604222624602
1850,573.8044751039885,125.95523700588856,699.759712109877,618.3230625476491
1855,570.2549154296942,126.76933619121401,697.0242516209082,622.3195323527468
1860,570.0897297148593,138.70258966377096,708.7923193786303,680.9007077663887
1865,572.2429899598931,149.3284107135183,721.5714006734114,733.0636060288554
1870,576.5474075942575,144.0640403885819,720.6114479828394,707.2204441320026
1875,584.2147773130971,142.41252952296477,726.6273068360618,699.1130618545087
1880,593.9437703747867,133.46191114678405,727.4056815215707,655.1738506107824
1885,603.9432787778985,117.64717804376728,721.5904568216658,577.5382203814983
1890,610.5667066140295,96.8959375891549,707.4626442031844,475.66893050863075
1895,613.6272113945736,91.68614335267485,705.3133547472485,450.0936864447985
1900,614.6739814785708,101.78633572150257,716.4603172000734,499.6762367719594
1905,612.7626714288507,107.61238482404674,720.3750562528975,528.2767190486088
1910,609.8716863958552,103.00679991249366,712.8784863083489,505.66758079418594
1915,607.2049371836554,104.49495669835059,711.699893882006,512.9730464759274
1920,604.2289918365016,114.37500750514306,718.6039993416446,561.4749064874859
1925,601.2714710000854,101.85825825689653,703.1297292569819,500.02930952548775
1930,600.7621802162668,102.33247435999355,703.0946545762603,502.357269522599
1935,600.8229799514885,98.9333856597144,699.7563656112029,485.67090550162965
1940,601.8827024874672,84.51192590688164,686.3946283943488,414.874951536156
1945,604.2078517192367,85.47914154012138,689.6869932593581,419.6230806866795
1950,607.1004102356015,83.58483881669103,690.6852490522925,410.32381620838675
1955,610.0180113867951,84.57411591120312,694.5921272979982,415.18024661436
1960,612.4648331954166,83.97345516065093,696.4382883560676,412.23156100459653
1965,614.7691416031033,89.42614175698762,704.1952833600909,438.9991806407836
1970,617.0395091784552,91.07752870822523,708.1170378866805,447.10595461392717
1975,618.818858041375,93.35393210921899,712.172790150594,458.2809780266538
1980,620.7820384929316,87.31181458571245,708.0938530786441,428.61980076863546
1985,621.8133425027526,88.64830676475452,710.461649267507,435.1807342943898
1990,621.8023192835778,88.97503163544495,710.7773509190228,436.7846495221969
1995,621.548261224814,83.74928703659998,705.297548261414,411.13110401460835
2000,621.5449505456185,85.83491768409603,707.3798682297145,421.36961064568004
