Temperature (Kelvin),Fraction of Native Contacts (Dimensionless),Free Energy (Dimensionless)
10.0,1.0,0.0
10.0,0.897058823529,3.20357297779
10.0,0.941176470588,6.01084212131
10.0,0.941176470588,8.43639363069
10.0,0.955882352941,10.4937130329
10.0,0.897058823529,12.1990675861
10.0,0.882352941176,13.5733006813
10.0,0.823529411765,14.6416238778
10.0,0.838235294118,15.4313120044
10.0,0.897058823529,15.9678182242
10.0,0.867647058824,16.2718342039
10.0,0.882352941176,16.3592334799
10.0,0.808823529412,16.2428940766
10.0,0.852941176471,15.9324973878
10.0,0.808823529412,15.4286252798
10.0,0.823529411765,14.719083241
10.0,0.838235294118,13.7966442572
10.0,0.852941176471,12.6876842074
10.0,0.808823529412,11.4478330689
10.0,0.808823529412,10.1297758414
10.0,0.867647058824,8.76251742207
10.0,0.867647058824,7.35035726844
10.0,0.882352941176,5.88636990404
10.0,0.867647058824,4.37322043631
10.0,0.838235294118,2.83249795504
10.0,0.838235294118,1.29323342091
10.0,0.852941176471,-0.224436016722
10.0,0.852941176471,-1.71626382181
10.0,0.867647058824,-3.19182383469
10.0,0.867647058824,-4.66594021616
10.0,0.823529411765,-6.14573008785
11.088252403758785,1.0,-3.20357297779
11.088252403758785,0.926470588235,0.0
11.088252403758785,0.926470588235,2.80726914352
11.088252403758785,0.926470588235,5.2328206529
11.088252403758785,0.911764705882,7.29014005512
11.088252403758785,0.926470588235,8.99549460835
11.088252403758785,0.911764705882,10.3697277035
11.088252403758785,0.897058823529,11.4380509
11.088252403758785,0.897058823529,12.2277390266
11.088252403758785,0.897058823529,12.7642452464
11.088252403758785,0.882352941176,13.0682612261
11.088252403758785,0.867647058824,13.1556605021
11.088252403758785,0.852941176471,13.0393210988
11.088252403758785,0.897058823529,12.72892441
11.088252403758785,0.911764705882,12.225052302
11.088252403758785,0.882352941176,11.5155102632
11.088252403758785,0.838235294118,10.5930712794
11.088252403758785,0.911764705882,9.48411122966
11.088252403758785,0.882352941176,8.24426009115
11.088252403758785,0.911764705882,6.9262028636
11.088252403758785,0.897058823529,5.55894444428
11.088252403758785,0.867647058824,4.14678429065
11.088252403758785,0.897058823529,2.68279692625
11.088252403758785,0.882352941176,1.16964745852
11.088252403758785,0.911764705882,-0.37107502275
11.088252403758785,0.838235294118,-1.91033955688
11.088252403758785,0.823529411765,-3.42800899451
11.088252403758785,0.852941176471,-4.9198367996
11.088252403758785,0.897058823529,-6.39539681247
11.088252403758785,0.882352941176,-7.86951319395
11.088252403758785,0.882352941176,-9.34930306564
12.294934136946248,1.0,-6.01084212131
12.294934136946248,0.985294117647,-2.80726914352
12.294934136946248,0.941176470588,0.0
12.294934136946248,0.970588235294,2.42555150939
12.294934136946248,0.955882352941,4.4828709116
12.294934136946248,0.955882352941,6.18822546484
12.294934136946248,0.882352941176,7.56245856
12.294934136946248,0.941176470588,8.63078175648
12.294934136946248,0.955882352941,9.42046988305
12.294934136946248,0.926470588235,9.95697610287
12.294934136946248,0.897058823529,10.2609920826
12.294934136946248,0.897058823529,10.3483913586
12.294934136946248,0.852941176471,10.2320519553
12.294934136946248,0.867647058824,9.92165526652
12.294934136946248,0.838235294118,9.41778315853
12.294934136946248,0.852941176471,8.70824111967
12.294934136946248,0.897058823529,7.78580213589
12.294934136946248,0.897058823529,6.67684208614
12.294934136946248,0.897058823529,5.43699094763
12.294934136946248,0.852941176471,4.11893372008
12.294934136946248,0.897058823529,2.75167530076
12.294934136946248,0.882352941176,1.33951514714
12.294934136946248,0.926470588235,-0.124472217262
12.294934136946248,0.926470588235,-1.637621685
12.294934136946248,0.926470588235,-3.17834416627
12.294934136946248,0.926470588235,-4.7176087004
12.294934136946248,0.867647058824,-6.23527813803
12.294934136946248,0.926470588235,-7.72710594312
12.294934136946248,0.897058823529,-9.20266595599
12.294934136946248,0.911764705882,-10.6767823375
12.294934136946248,0.897058823529,-12.1565722092
13.63293329980502,1.0,-8.43639363069
13.63293329980502,0.970588235294,-5.2328206529
13.63293329980502,0.941176470588,-2.42555150939
13.63293329980502,0.897058823529,0.0
13.63293329980502,0.941176470588,2.05731940221
13.63293329980502,0.926470588235,3.76267395545
13.63293329980502,0.941176470588,5.13690705061
13.63293329980502,0.882352941176,6.20523024709
13.63293329980502,0.911764705882,6.99491837366
13.63293329980502,0.838235294118,7.53142459349
13.63293329980502,0.867647058824,7.83544057318
13.63293329980502,0.882352941176,7.9228398492
13.63293329980502,0.897058823529,7.8065004459
13.63293329980502,0.867647058824,7.49610375713
13.63293329980502,0.897058823529,6.99223164914
13.63293329980502,0.852941176471,6.28268961028
13.63293329980502,0.911764705882,5.36025062651
13.63293329980502,0.911764705882,4.25129057676
13.63293329980502,0.897058823529,3.01143943825
13.63293329980502,0.926470588235,1.6933822107
13.63293329980502,0.882352941176,0.326123791375
13.63293329980502,0.897058823529,-1.08603636225
13.63293329980502,0.882352941176,-2.55002372665
13.63293329980502,0.897058823529,-4.06317319438
13.63293329980502,0.941176470588,-5.60389567565
13.63293329980502,0.897058823529,-7.14316020978
13.63293329980502,0.911764705882,-8.66082964741
13.63293329980502,0.926470588235,-10.1526574525
13.63293329980502,0.941176470588,-11.6282174654
13.63293329980502,0.926470588235,-13.1023338468
13.63293329980502,0.882352941176,-14.5821237185
15.116540543184618,1.0,-10.4937130329
15.116540543184618,0.970588235294,-7.29014005512
15.116540543184618,0.955882352941,-4.4828709116
15.116540543184618,0.985294117647,-2.05731940221
15.116540543184618,0.985294117647,0.0
15.116540543184618,0.970588235294,1.70535455324
15.116540543184618,0.985294117647,3.0795876484
15.116540543184618,0.955882352941,4.14791084488
15.116540543184618,1.0,4.93759897144
15.116540543184618,1.0,5.47410519127
15.116540543184618,0.955882352941,5.77812117096
15.116540543184618,0.926470588235,5.86552044698
15.116540543184618,0.955882352941,5.74918104368
15.116540543184618,0.955882352941,5.43878435492
15.116540543184618,0.970588235294,4.93491224693
15.116540543184618,0.970588235294,4.22537020807
15.116540543184618,0.955882352941,3.30293122429
15.116540543184618,0.985294117647,2.19397117454
15.116540543184618,1.0,0.954120036032
15.116540543184618,1.0,-0.363937191519
15.116540543184618,0.970588235294,-1.73119561084
15.116540543184618,0.970588235294,-3.14335576447
15.116540543184618,0.941176470588,-4.60734312886
15.116540543184618,0.985294117647,-6.1204925966
15.116540543184618,0.955882352941,-7.66121507787
15.116540543184618,0.941176470588,-9.200479612
15.116540543184618,0.941176470588,-10.7181490496
15.116540543184618,0.955882352941,-12.2099768547
15.116540543184618,1.0,-13.6855368676
15.116540543184618,1.0,-15.1596532491
15.116540543184618,0.970588235294,-16.6394431208
16.7616017014484,1.0,-12.1990675861
16.7616017014484,0.970588235294,-8.99549460835
16.7616017014484,0.955882352941,-6.18822546484
16.7616017014484,0.970588235294,-3.76267395545
16.7616017014484,0.955882352941,-1.70535455324
16.7616017014484,0.970588235294,0.0
16.7616017014484,0.955882352941,1.37423309516
16.7616017014484,0.970588235294,2.44255629164
16.7616017014484,0.985294117647,3.23224441821
16.7616017014484,0.955882352941,3.76875063803
16.7616017014484,0.985294117647,4.07276661773
16.7616017014484,0.926470588235,4.16016589375
16.7616017014484,0.970588235294,4.04382649045
16.7616017014484,0.926470588235,3.73342980168
16.7616017014484,0.955882352941,3.22955769369
16.7616017014484,0.955882352941,2.52001565483
16.7616017014484,0.926470588235,1.59757667106
16.7616017014484,0.970588235294,0.488616621305
16.7616017014484,0.970588235294,-0.751234517204
16.7616017014484,0.941176470588,-2.06929174476
16.7616017014484,0.985294117647,-3.43655016408
16.7616017014484,0.985294117647,-4.8487103177
16.7616017014484,0.985294117647,-6.3126976821
16.7616017014484,0.970588235294,-7.82584714983
16.7616017014484,0.985294117647,-9.3665696311
16.7616017014484,0.970588235294,-10.9058341652
16.7616017014484,0.955882352941,-12.4235036029
16.7616017014484,0.985294117647,-13.915331408
16.7616017014484,0.955882352941,-15.3908914208
16.7616017014484,0.970588235294,-16.8650078023
16.7616017014484,0.941176470588,-18.344797674
18.585687035693258,1.0,-13.5733006813
18.585687035693258,0.985294117647,-10.3697277035
18.585687035693258,0.941176470588,-7.56245856
18.585687035693258,0.955882352941,-5.13690705061
18.585687035693258,0.941176470588,-3.0795876484
18.585687035693258,0.970588235294,-1.37423309516
18.585687035693258,0.926470588235,0.0
18.585687035693258,0.970588235294,1.06832319648
18.585687035693258,0.955882352941,1.85801132305
18.585687035693258,0.970588235294,2.39451754287
18.585687035693258,0.970588235294,2.69853352256
18.585687035693258,0.985294117647,2.78593279859
18.585687035693258,0.985294117647,2.66959339529
18.585687035693258,0.970588235294,2.35919670652
18.585687035693258,0.941176470588,1.85532459853
18.585687035693258,0.955882352941,1.14578255967
18.585687035693258,0.926470588235,0.223343575893
18.585687035693258,0.955882352941,-0.885616473858
18.585687035693258,0.970588235294,-2.12546761237
18.585687035693258,0.955882352941,-3.44352483992
18.585687035693258,0.970588235294,-4.81078325924
18.585687035693258,0.955882352941,-6.22294341286
18.585687035693258,0.985294117647,-7.68693077726
18.585687035693258,0.970588235294,-9.200080245
18.585687035693258,0.941176470588,-10.7408027263
18.585687035693258,0.955882352941,-12.2800672604
18.585687035693258,0.941176470588,-13.797736698
18.585687035693258,0.970588235294,-15.2895645031
18.585687035693258,0.897058823529,-16.765124516
18.585687035693258,0.926470588235,-18.2392408975
18.585687035693258,0.941176470588,-19.7190307692
20.608278894903425,1.0,-14.6416238778
20.608278894903425,0.970588235294,-11.4380509
20.608278894903425,0.955882352941,-8.63078175648
20.608278894903425,0.955882352941,-6.20523024709
20.608278894903425,0.970588235294,-4.14791084488
20.608278894903425,0.955882352941,-2.44255629164
20.608278894903425,0.970588235294,-1.06832319648
20.608278894903425,0.955882352941,0.0
20.608278894903425,1.0,0.789688126567
20.608278894903425,0.955882352941,1.32619434639
20.608278894903425,0.955882352941,1.63021032608
20.608278894903425,0.941176470588,1.71760960211
20.608278894903425,0.970588235294,1.60127019881
20.608278894903425,0.941176470588,1.29087351004
20.608278894903425,0.955882352941,0.78700140205
20.608278894903425,0.955882352941,0.0774593631912
20.608278894903425,0.970588235294,-0.844979620586
20.608278894903425,0.970588235294,-1.95393967034
20.608278894903425,0.970588235294,-3.19379080885
20.608278894903425,0.970588235294,-4.5118480364
20.608278894903425,0.985294117647,-5.87910645572
20.608278894903425,0.970588235294,-7.29126660934
20.608278894903425,0.970588235294,-8.75525397374
20.608278894903425,0.955882352941,-10.2684034415
20.608278894903425,0.941176470588,-11.8091259227
20.608278894903425,0.985294117647,-13.3483904569
20.608278894903425,0.941176470588,-14.8660598945
20.608278894903425,0.985294117647,-16.3578876996
20.608278894903425,0.985294117647,-17.8334477125
20.608278894903425,0.955882352941,-19.3075640939
20.608278894903425,0.970588235294,-20.7873539656
22.850979799374432,1.0,-15.4313120044
22.850979799374432,1.0,-12.2277390266
22.850979799374432,0.970588235294,-9.42046988305
22.850979799374432,0.941176470588,-6.99491837366
22.850979799374432,0.955882352941,-4.93759897144
22.850979799374432,0.941176470588,-3.23224441821
22.850979799374432,0.911764705882,-1.85801132305
22.850979799374432,0.911764705882,-0.789688126567
22.850979799374432,0.911764705882,0.0
22.850979799374432,0.911764705882,0.536506219826
22.850979799374432,0.852941176471,0.840522199518
22.850979799374432,0.911764705882,0.92792147554
22.850979799374432,0.911764705882,0.81158207224
22.850979799374432,0.926470588235,0.501185383473
22.850979799374432,0.941176470588,-0.0026867245165
22.850979799374432,0.926470588235,-0.712228763376
22.850979799374432,0.852941176471,-1.63466774715
22.850979799374432,0.882352941176,-2.7436277969
22.850979799374432,0.867647058824,-3.98347893541
22.850979799374432,0.897058823529,-5.30153616296
22.850979799374432,0.882352941176,-6.66879458228
22.850979799374432,0.911764705882,-8.08095473591
22.850979799374432,0.955882352941,-9.54494210031
22.850979799374432,0.941176470588,-11.058091568
22.850979799374432,0.926470588235,-12.5988140493
22.850979799374432,0.941176470588,-14.1380785834
22.850979799374432,0.955882352941,-15.6557480211
22.850979799374432,0.955882352941,-17.1475758262
22.850979799374432,0.955882352941,-18.623135839
22.850979799374432,0.941176470588,-20.0972522205
22.850979799374432,0.941176470588,-21.5770420922
25.3377431688657,1.0,-15.9678182242
25.3377431688657,1.0,-12.7642452464
25.3377431688657,0.970588235294,-9.95697610287
25.3377431688657,0.970588235294,-7.53142459349
25.3377431688657,0.970588235294,-5.47410519127
25.3377431688657,0.970588235294,-3.76875063803
25.3377431688657,0.970588235294,-2.39451754287
25.3377431688657,0.955882352941,-1.32619434639
25.3377431688657,0.955882352941,-0.536506219826
25.3377431688657,0.970588235294,0.0
25.3377431688657,0.955882352941,0.304015979691
25.3377431688657,0.970588235294,0.391415255714
25.3377431688657,0.955882352941,0.275075852414
25.3377431688657,0.970588235294,-0.035320836353
25.3377431688657,0.926470588235,-0.539192944343
25.3377431688657,0.926470588235,-1.2487349832
25.3377431688657,0.955882352941,-2.17117396698
25.3377431688657,0.911764705882,-3.28013401673
25.3377431688657,0.926470588235,-4.51998515524
25.3377431688657,0.955882352941,-5.83804238279
25.3377431688657,0.955882352941,-7.20530080211
25.3377431688657,0.955882352941,-8.61746095574
25.3377431688657,0.941176470588,-10.0814483201
25.3377431688657,0.985294117647,-11.5945977879
25.3377431688657,0.985294117647,-13.1353202691
25.3377431688657,0.941176470588,-14.6745848033
25.3377431688657,0.926470588235,-16.1922542409
25.3377431688657,0.955882352941,-17.684082046
25.3377431688657,0.926470588235,-19.1596420589
25.3377431688657,0.941176470588,-20.6337584403
25.3377431688657,0.911764705882,-22.113548312
28.095129159799782,1.0,-16.2718342039
28.095129159799782,1.0,-13.0682612261
28.095129159799782,0.985294117647,-10.2609920826
28.095129159799782,0.955882352941,-7.83544057318
28.095129159799782,0.955882352941,-5.77812117096
28.095129159799782,0.941176470588,-4.07276661773
28.095129159799782,0.955882352941,-2.69853352256
28.095129159799782,0.955882352941,-1.63021032608
28.095129159799782,0.955882352941,-0.840522199518
28.095129159799782,0.941176470588,-0.304015979691
28.095129159799782,0.955882352941,0.0
28.095129159799782,0.955882352941,0.0873992760225
28.095129159799782,0.985294117647,-0.0289401272776
28.095129159799782,0.955882352941,-0.339336816044
28.095129159799782,0.955882352941,-0.843208924034
28.095129159799782,0.955882352941,-1.55275096289
28.095129159799782,0.970588235294,-2.47518994667
28.095129159799782,0.985294117647,-3.58414999642
28.095129159799782,0.955882352941,-4.82400113493
28.095129159799782,0.955882352941,-6.14205836248
28.095129159799782,0.941176470588,-7.5093167818
28.095129159799782,0.970588235294,-8.92147693543
28.095129159799782,0.985294117647,-10.3854642998
28.095129159799782,0.955882352941,-11.8986137676
28.095129159799782,0.955882352941,-13.4393362488
28.095129159799782,0.941176470588,-14.978600783
28.095129159799782,0.955882352941,-16.4962702206
28.095129159799782,0.911764705882,-17.9880980257
28.095129159799782,0.911764705882,-19.4636580386
28.095129159799782,0.911764705882,-20.93777442
28.095129159799782,0.897058823529,-22.4175642917
31.152588344006354,1.0,-16.3592334799
31.152588344006354,0.985294117647,-13.1556605021
31.152588344006354,0.970588235294,-10.3483913586
31.152588344006354,0.970588235294,-7.9228398492
31.152588344006354,0.985294117647,-5.86552044698
31.152588344006354,0.970588235294,-4.16016589375
31.152588344006354,0.941176470588,-2.78593279859
31.152588344006354,0.926470588235,-1.71760960211
31.152588344006354,0.926470588235,-0.92792147554
31.152588344006354,0.926470588235,-0.391415255714
31.152588344006354,0.926470588235,-0.0873992760225
31.152588344006354,0.941176470588,0.0
31.152588344006354,0.941176470588,-0.1163394033
31.152588344006354,0.926470588235,-0.426736092067
31.152588344006354,0.882352941176,-0.930608200057
31.152588344006354,0.970588235294,-1.64015023892
31.152588344006354,0.926470588235,-2.56258922269
31.152588344006354,0.970588235294,-3.67154927244
31.152588344006354,0.911764705882,-4.91140041095
31.152588344006354,0.941176470588,-6.2294576385
31.152588344006354,0.926470588235,-7.59671605782
31.152588344006354,0.911764705882,-9.00887621145
31.152588344006354,0.911764705882,-10.4728635758
31.152588344006354,0.882352941176,-11.9860130436
31.152588344006354,0.882352941176,-13.5267355249
31.152588344006354,0.926470588235,-15.066000059
31.152588344006354,0.911764705882,-16.5836694966
31.152588344006354,0.941176470588,-18.0754973017
31.152588344006354,0.882352941176,-19.5510573146
31.152588344006354,0.911764705882,-21.025173696
31.152588344006354,0.926470588235,-22.5049635677
34.54277625887364,1.0,-16.2428940766
34.54277625887364,0.970588235294,-13.0393210988
34.54277625887364,0.882352941176,-10.2320519553
34.54277625887364,0.852941176471,-7.8065004459
34.54277625887364,0.926470588235,-5.74918104368
34.54277625887364,0.882352941176,-4.04382649045
34.54277625887364,0.852941176471,-2.66959339529
34.54277625887364,0.867647058824,-1.60127019881
34.54277625887364,0.926470588235,-0.81158207224
34.54277625887364,0.897058823529,-0.275075852414
34.54277625887364,0.867647058824,0.0289401272776
34.54277625887364,0.911764705882,0.1163394033
34.54277625887364,0.867647058824,0.0
34.54277625887364,0.852941176471,-0.310396688767
34.54277625887364,0.852941176471,-0.814268796756
34.54277625887364,0.852941176471,-1.52381083562
34.54277625887364,0.926470588235,-2.44624981939
34.54277625887364,0.955882352941,-3.55520986914
34.54277625887364,0.882352941176,-4.79506100765
34.54277625887364,0.926470588235,-6.1131182352
34.54277625887364,0.941176470588,-7.48037665452
34.54277625887364,0.897058823529,-8.89253680815
34.54277625887364,0.897058823529,-10.3565241725
34.54277625887364,0.926470588235,-11.8696736403
34.54277625887364,0.911764705882,-13.4103961216
34.54277625887364,0.897058823529,-14.9496606557
34.54277625887364,0.897058823529,-16.4673300933
34.54277625887364,0.926470588235,-17.9591578984
34.54277625887364,0.941176470588,-19.4347179113
34.54277625887364,0.911764705882,-20.9088342927
34.54277625887364,0.911764705882,-22.3886241644
38.30190218849575,1.0,-15.9324973878
38.30190218849575,0.926470588235,-12.72892441
38.30190218849575,0.926470588235,-9.92165526652
38.30190218849575,0.926470588235,-7.49610375713
38.30190218849575,0.926470588235,-5.43878435492
38.30190218849575,0.911764705882,-3.73342980168
38.30190218849575,0.926470588235,-2.35919670652
38.30190218849575,0.867647058824,-1.29087351004
38.30190218849575,0.867647058824,-0.501185383473
38.30190218849575,0.955882352941,0.035320836353
38.30190218849575,0.926470588235,0.339336816044
38.30190218849575,0.897058823529,0.426736092067
38.30190218849575,0.852941176471,0.310396688767
38.30190218849575,0.882352941176,0.0
38.30190218849575,0.970588235294,-0.50387210799
38.30190218849575,0.955882352941,-1.21341414685
38.30190218849575,0.970588235294,-2.13585313063
38.30190218849575,0.985294117647,-3.24481318038
38.30190218849575,0.941176470588,-4.48466431889
38.30190218849575,0.955882352941,-5.80272154644
38.30190218849575,0.955882352941,-7.16997996576
38.30190218849575,0.970588235294,-8.58214011938
38.30190218849575,0.926470588235,-10.0461274838
38.30190218849575,0.941176470588,-11.5592769515
38.30190218849575,0.970588235294,-13.0999994328
38.30190218849575,0.955882352941,-14.6392639669
38.30190218849575,0.985294117647,-16.1569334045
38.30190218849575,0.985294117647,-17.6487612096
38.30190218849575,0.926470588235,-19.1243212225
38.30190218849575,0.926470588235,-20.598437604
38.30190218849575,0.955882352941,-22.0782274757
42.47011590101219,1.0,-15.4286252798
42.47011590101219,0.926470588235,-12.225052302
42.47011590101219,0.911764705882,-9.41778315853
42.47011590101219,0.926470588235,-6.99223164914
42.47011590101219,0.970588235294,-4.93491224693
42.47011590101219,0.955882352941,-3.22955769369
42.47011590101219,0.926470588235,-1.85532459853
42.47011590101219,0.926470588235,-0.78700140205
42.47011590101219,0.985294117647,0.0026867245165
42.47011590101219,0.970588235294,0.539192944343
42.47011590101219,0.955882352941,0.843208924034
42.47011590101219,0.941176470588,0.930608200057
42.47011590101219,0.955882352941,0.814268796756
42.47011590101219,0.955882352941,0.50387210799
42.47011590101219,0.955882352941,0.0
42.47011590101219,0.911764705882,-0.709542038859
42.47011590101219,0.926470588235,-1.63198102264
42.47011590101219,0.897058823529,-2.74094107239
42.47011590101219,0.911764705882,-3.9807922109
42.47011590101219,0.882352941176,-5.29884943845
42.47011590101219,0.911764705882,-6.66610785777
42.47011590101219,0.926470588235,-8.07826801139
42.47011590101219,0.867647058824,-9.54225537579
42.47011590101219,0.852941176471,-11.0554048435
42.47011590101219,0.838235294118,-12.5961273248
42.47011590101219,0.897058823529,-14.1353918589
42.47011590101219,0.911764705882,-15.6530612966
42.47011590101219,0.926470588235,-17.1448891016
42.47011590101219,0.882352941176,-18.6204491145
42.47011590101219,0.882352941176,-20.094565496
42.47011590101219,0.882352941176,-21.5743553677
47.091936472731255,1.0,-14.719083241
47.091936472731255,0.955882352941,-11.5155102632
47.091936472731255,0.941176470588,-8.70824111967
47.091936472731255,0.926470588235,-6.28268961028
47.091936472731255,0.911764705882,-4.22537020807
47.091936472731255,0.897058823529,-2.52001565483
47.091936472731255,0.882352941176,-1.14578255967
47.091936472731255,0.867647058824,-0.0774593631912
47.091936472731255,0.852941176471,0.712228763376
47.091936472731255,0.882352941176,1.2487349832
47.091936472731255,0.852941176471,1.55275096289
47.091936472731255,0.882352941176,1.64015023892
47.091936472731255,0.897058823529,1.52381083562
47.091936472731255,0.867647058824,1.21341414685
47.091936472731255,0.867647058824,0.709542038859
47.091936472731255,0.911764705882,0.0
47.091936472731255,0.926470588235,-0.922438983777
47.091936472731255,0.897058823529,-2.03139903353
47.091936472731255,0.838235294118,-3.27125017204
47.091936472731255,0.852941176471,-4.58930739959
47.091936472731255,0.852941176471,-5.95656581891
47.091936472731255,0.823529411765,-7.36872597253
47.091936472731255,0.882352941176,-8.83271333693
47.091936472731255,0.852941176471,-10.3458628047
47.091936472731255,0.852941176471,-11.8865852859
47.091936472731255,0.808823529412,-13.4258498201
47.091936472731255,0.867647058824,-14.9435192577
47.091936472731255,0.838235294118,-16.4353470628
47.091936472731255,0.867647058824,-17.9109070757
47.091936472731255,0.911764705882,-19.3850234571
47.091936472731255,0.882352941176,-20.8648133288
52.216727779141834,1.0,-13.7966442572
52.216727779141834,0.985294117647,-10.5930712794
52.216727779141834,0.955882352941,-7.78580213589
52.216727779141834,0.970588235294,-5.36025062651
52.216727779141834,0.970588235294,-3.30293122429
52.216727779141834,0.955882352941,-1.59757667106
52.216727779141834,0.897058823529,-0.223343575893
52.216727779141834,0.882352941176,0.844979620586
52.216727779141834,0.941176470588,1.63466774715
52.216727779141834,0.897058823529,2.17117396698
52.216727779141834,0.926470588235,2.47518994667
52.216727779141834,0.926470588235,2.56258922269
52.216727779141834,0.926470588235,2.44624981939
52.216727779141834,0.911764705882,2.13585313063
52.216727779141834,0.926470588235,1.63198102264
52.216727779141834,0.941176470588,0.922438983777
52.216727779141834,0.926470588235,0.0
52.216727779141834,0.941176470588,-1.10896004975
52.216727779141834,0.911764705882,-2.34881118826
52.216727779141834,0.897058823529,-3.66686841581
52.216727779141834,0.882352941176,-5.03412683513
52.216727779141834,0.897058823529,-6.44628698876
52.216727779141834,0.911764705882,-7.91027435315
52.216727779141834,0.867647058824,-9.42342382089
52.216727779141834,0.897058823529,-10.9641463022
52.216727779141834,0.955882352941,-12.5034108363
52.216727779141834,0.926470588235,-14.0210802739
52.216727779141834,0.897058823529,-15.512908079
52.216727779141834,0.926470588235,-16.9884680919
52.216727779141834,0.897058823529,-18.4625844734
52.216727779141834,0.911764705882,-19.942374345
57.899225731348764,1.0,-12.6876842074
57.899225731348764,0.955882352941,-9.48411122966
57.899225731348764,0.985294117647,-6.67684208614
57.899225731348764,1.0,-4.25129057676
57.899225731348764,0.970588235294,-2.19397117454
57.899225731348764,0.985294117647,-0.488616621305
57.899225731348764,0.941176470588,0.885616473858
57.899225731348764,0.985294117647,1.95393967034
57.899225731348764,0.955882352941,2.7436277969
57.899225731348764,0.955882352941,3.28013401673
57.899225731348764,0.955882352941,3.58414999642
57.899225731348764,0.955882352941,3.67154927244
57.899225731348764,0.941176470588,3.55520986914
57.899225731348764,0.941176470588,3.24481318038
57.899225731348764,0.926470588235,2.74094107239
57.899225731348764,0.955882352941,2.03139903353
57.899225731348764,0.955882352941,1.10896004975
57.899225731348764,0.926470588235,0.0
57.899225731348764,0.955882352941,-1.23985113851
57.899225731348764,0.985294117647,-2.55790836606
57.899225731348764,0.955882352941,-3.92516678538
57.899225731348764,0.955882352941,-5.33732693901
57.899225731348764,0.911764705882,-6.8013143034
57.899225731348764,0.941176470588,-8.31446377114
57.899225731348764,0.926470588235,-9.85518625241
57.899225731348764,0.911764705882,-11.3944507865
57.899225731348764,0.926470588235,-12.9121202242
57.899225731348764,0.911764705882,-14.4039480293
57.899225731348764,0.941176470588,-15.8795080421
57.899225731348764,0.926470588235,-17.3536244236
57.899225731348764,0.911764705882,-18.8334142953
64.20012288914006,1.0,-11.4478330689
64.20012288914006,0.985294117647,-8.24426009115
64.20012288914006,0.970588235294,-5.43699094763
64.20012288914006,0.955882352941,-3.01143943825
64.20012288914006,0.955882352941,-0.954120036032
64.20012288914006,0.970588235294,0.751234517204
64.20012288914006,0.941176470588,2.12546761237
64.20012288914006,0.955882352941,3.19379080885
64.20012288914006,0.926470588235,3.98347893541
64.20012288914006,0.941176470588,4.51998515524
64.20012288914006,0.911764705882,4.82400113493
64.20012288914006,0.955882352941,4.91140041095
64.20012288914006,0.955882352941,4.79506100765
64.20012288914006,0.897058823529,4.48466431889
64.20012288914006,0.926470588235,3.9807922109
64.20012288914006,0.941176470588,3.27125017204
64.20012288914006,0.926470588235,2.34881118826
64.20012288914006,0.911764705882,1.23985113851
64.20012288914006,0.926470588235,0.0
64.20012288914006,0.941176470588,-1.31805722755
64.20012288914006,0.911764705882,-2.68531564687
64.20012288914006,0.911764705882,-4.0974758005
64.20012288914006,0.926470588235,-5.5614631649
64.20012288914006,0.955882352941,-7.07461263263
64.20012288914006,0.926470588235,-8.6153351139
64.20012288914006,0.941176470588,-10.154599648
64.20012288914006,0.941176470588,-11.6722690857
64.20012288914006,0.955882352941,-13.1640968908
64.20012288914006,0.955882352941,-14.6396569036
64.20012288914006,0.926470588235,-16.1137732851
64.20012288914006,0.926470588235,-17.5935631568
71.18671669471166,1.0,-10.1297758414
71.18671669471166,0.941176470588,-6.9262028636
71.18671669471166,0.941176470588,-4.11893372008
71.18671669471166,0.911764705882,-1.6933822107
71.18671669471166,0.970588235294,0.363937191519
71.18671669471166,0.882352941176,2.06929174476
71.18671669471166,0.955882352941,3.44352483992
71.18671669471166,0.955882352941,4.5118480364
71.18671669471166,0.955882352941,5.30153616296
71.18671669471166,0.911764705882,5.83804238279
71.18671669471166,0.941176470588,6.14205836248
71.18671669471166,0.911764705882,6.2294576385
71.18671669471166,0.926470588235,6.1131182352
71.18671669471166,0.882352941176,5.80272154644
71.18671669471166,0.867647058824,5.29884943845
71.18671669471166,0.911764705882,4.58930739959
71.18671669471166,0.897058823529,3.66686841581
71.18671669471166,0.941176470588,2.55790836606
71.18671669471166,0.897058823529,1.31805722755
71.18671669471166,0.882352941176,0.0
71.18671669471166,0.911764705882,-1.36725841932
71.18671669471166,0.897058823529,-2.77941857295
71.18671669471166,0.852941176471,-4.24340593734
71.18671669471166,0.882352941176,-5.75655540508
71.18671669471166,0.882352941176,-7.29727788635
71.18671669471166,0.882352941176,-8.83654242048
71.18671669471166,0.852941176471,-10.3542118581
71.18671669471166,0.882352941176,-11.8460396632
71.18671669471166,0.852941176471,-13.3215996761
71.18671669471166,0.852941176471,-14.7957160575
71.18671669471166,0.852941176471,-16.2755059292
78.93362825058321,1.0,-8.76251742207
78.93362825058321,0.985294117647,-5.55894444428
78.93362825058321,0.955882352941,-2.75167530076
78.93362825058321,0.955882352941,-0.326123791375
78.93362825058321,0.926470588235,1.73119561084
78.93362825058321,0.926470588235,3.43655016408
78.93362825058321,0.955882352941,4.81078325924
78.93362825058321,0.941176470588,5.87910645572
78.93362825058321,0.941176470588,6.66879458228
78.93362825058321,0.852941176471,7.20530080211
78.93362825058321,0.808823529412,7.5093167818
78.93362825058321,0.794117647059,7.59671605782
78.93362825058321,0.823529411765,7.48037665452
78.93362825058321,0.897058823529,7.16997996576
78.93362825058321,0.867647058824,6.66610785777
78.93362825058321,0.897058823529,5.95656581891
78.93362825058321,0.882352941176,5.03412683513
78.93362825058321,0.852941176471,3.92516678538
78.93362825058321,0.882352941176,2.68531564687
78.93362825058321,0.838235294118,1.36725841932
78.93362825058321,0.823529411765,0.0
78.93362825058321,0.852941176471,-1.41216015363
78.93362825058321,0.852941176471,-2.87614751802
78.93362825058321,0.897058823529,-4.38929698576
78.93362825058321,0.867647058824,-5.93001946703
78.93362825058321,0.838235294118,-7.46928400116
78.93362825058321,0.852941176471,-8.98695343879
78.93362825058321,0.852941176471,-10.4787812439
78.93362825058321,0.838235294118,-11.9543412568
78.93362825058321,0.882352941176,-13.4284576382
78.93362825058321,0.882352941176,-14.9082475099
87.52359931869319,1.0,-7.35035726844
87.52359931869319,0.955882352941,-4.14678429065
87.52359931869319,0.985294117647,-1.33951514714
87.52359931869319,0.941176470588,1.08603636225
87.52359931869319,0.852941176471,3.14335576447
87.52359931869319,0.852941176471,4.8487103177
87.52359931869319,0.911764705882,6.22294341286
87.52359931869319,0.867647058824,7.29126660934
87.52359931869319,0.897058823529,8.08095473591
87.52359931869319,0.897058823529,8.61746095574
87.52359931869319,0.926470588235,8.92147693543
87.52359931869319,0.911764705882,9.00887621145
87.52359931869319,0.926470588235,8.89253680815
87.52359931869319,0.941176470588,8.58214011938
87.52359931869319,0.941176470588,8.07826801139
87.52359931869319,0.941176470588,7.36872597253
87.52359931869319,0.897058823529,6.44628698876
87.52359931869319,0.897058823529,5.33732693901
87.52359931869319,0.911764705882,4.0974758005
87.52359931869319,0.955882352941,2.77941857295
87.52359931869319,0.955882352941,1.41216015363
87.52359931869319,0.941176470588,0.0
87.52359931869319,0.926470588235,-1.4639873644
87.52359931869319,0.911764705882,-2.97713683213
87.52359931869319,0.897058823529,-4.5178593134
87.52359931869319,0.911764705882,-6.05712384753
87.52359931869319,0.926470588235,-7.57479328516
87.52359931869319,0.955882352941,-9.06662109025
87.52359931869319,0.941176470588,-10.5421811031
87.52359931869319,0.941176470588,-12.0162974846
87.52359931869319,0.941176470588,-13.4960873563
97.04837605311207,1.0,-5.88636990404
97.04837605311207,0.970588235294,-2.68279692625
97.04837605311207,0.955882352941,0.124472217262
97.04837605311207,0.955882352941,2.55002372665
97.04837605311207,0.955882352941,4.60734312886
97.04837605311207,0.955882352941,6.3126976821
97.04837605311207,0.911764705882,7.68693077726
97.04837605311207,0.970588235294,8.75525397374
97.04837605311207,0.970588235294,9.54494210031
97.04837605311207,0.955882352941,10.0814483201
97.04837605311207,0.897058823529,10.3854642998
97.04837605311207,0.911764705882,10.4728635758
97.04837605311207,0.911764705882,10.3565241725
97.04837605311207,0.911764705882,10.0461274838
97.04837605311207,0.897058823529,9.54225537579
97.04837605311207,0.911764705882,8.83271333693
97.04837605311207,0.911764705882,7.91027435315
97.04837605311207,0.911764705882,6.8013143034
97.04837605311207,0.985294117647,5.5614631649
97.04837605311207,0.970588235294,4.24340593734
97.04837605311207,0.941176470588,2.87614751802
97.04837605311207,0.955882352941,1.4639873644
97.04837605311207,0.941176470588,0.0
97.04837605311207,0.941176470588,-1.51314946773
97.04837605311207,0.955882352941,-3.053871949
97.04837605311207,0.941176470588,-4.59313648314
97.04837605311207,0.926470588235,-6.11080592077
97.04837605311207,0.941176470588,-7.60263372585
97.04837605311207,0.955882352941,-9.07819373873
97.04837605311207,0.911764705882,-10.5523101202
97.04837605311207,0.926470588235,-12.0320999919
107.60968890518059,1.0,-4.37322043631
107.60968890518059,0.970588235294,-1.16964745852
107.60968890518059,0.911764705882,1.637621685
107.60968890518059,0.926470588235,4.06317319438
107.60968890518059,0.970588235294,6.1204925966
107.60968890518059,0.955882352941,7.82584714983
107.60968890518059,0.941176470588,9.200080245
107.60968890518059,0.941176470588,10.2684034415
107.60968890518059,0.897058823529,11.058091568
107.60968890518059,0.897058823529,11.5945977879
107.60968890518059,0.882352941176,11.8986137676
107.60968890518059,0.926470588235,11.9860130436
107.60968890518059,0.911764705882,11.8696736403
107.60968890518059,0.970588235294,11.5592769515
107.60968890518059,0.941176470588,11.0554048435
107.60968890518059,0.941176470588,10.3458628047
107.60968890518059,0.941176470588,9.42342382089
107.60968890518059,0.867647058824,8.31446377114
107.60968890518059,0.926470588235,7.07461263263
107.60968890518059,0.926470588235,5.75655540508
107.60968890518059,0.911764705882,4.38929698576
107.60968890518059,0.941176470588,2.97713683213
107.60968890518059,0.926470588235,1.51314946773
107.60968890518059,0.926470588235,0.0
107.60968890518059,0.911764705882,-1.54072248127
107.60968890518059,0.882352941176,-3.0799870154
107.60968890518059,0.926470588235,-4.59765645303
107.60968890518059,0.926470588235,-6.08948425812
107.60968890518059,0.911764705882,-7.565044271
107.60968890518059,0.911764705882,-9.03916065247
107.60968890518059,0.970588235294,-10.5189505242
119.32033916706044,1.0,-2.83249795504
119.32033916706044,0.985294117647,0.37107502275
119.32033916706044,0.955882352941,3.17834416627
119.32033916706044,0.941176470588,5.60389567565
119.32033916706044,0.955882352941,7.66121507787
119.32033916706044,0.970588235294,9.3665696311
119.32033916706044,0.955882352941,10.7408027263
119.32033916706044,0.941176470588,11.8091259227
119.32033916706044,0.955882352941,12.5988140493
119.32033916706044,0.926470588235,13.1353202691
119.32033916706044,0.911764705882,13.4393362488
119.32033916706044,0.882352941176,13.5267355249
119.32033916706044,0.941176470588,13.4103961216
119.32033916706044,0.926470588235,13.0999994328
119.32033916706044,0.941176470588,12.5961273248
119.32033916706044,0.911764705882,11.8865852859
119.32033916706044,0.926470588235,10.9641463022
119.32033916706044,0.897058823529,9.85518625241
119.32033916706044,0.867647058824,8.6153351139
119.32033916706044,0.838235294118,7.29727788635
119.32033916706044,0.867647058824,5.93001946703
119.32033916706044,0.897058823529,4.5178593134
119.32033916706044,0.882352941176,3.053871949
119.32033916706044,0.867647058824,1.54072248127
119.32033916706044,0.882352941176,0.0
119.32033916706044,0.882352941176,-1.53926453413
119.32033916706044,0.897058823529,-3.05693397176
119.32033916706044,0.882352941176,-4.54876177685
119.32033916706044,0.926470588235,-6.02432178972
119.32033916706044,0.926470588235,-7.4984381712
119.32033916706044,0.897058823529,-8.97822804289
132.3054037586471,1.0,-1.29323342091
132.3054037586471,0.941176470588,1.91033955688
132.3054037586471,0.941176470588,4.7176087004
132.3054037586471,0.911764705882,7.14316020978
132.3054037586471,0.911764705882,9.200479612
132.3054037586471,0.955882352941,10.9058341652
132.3054037586471,0.970588235294,12.2800672604
132.3054037586471,0.970588235294,13.3483904569
132.3054037586471,0.926470588235,14.1380785834
132.3054037586471,0.882352941176,14.6745848033
132.3054037586471,0.911764705882,14.978600783
132.3054037586471,0.926470588235,15.066000059
132.3054037586471,0.911764705882,14.9496606557
132.3054037586471,0.941176470588,14.6392639669
132.3054037586471,0.882352941176,14.1353918589
132.3054037586471,0.970588235294,13.4258498201
132.3054037586471,0.926470588235,12.5034108363
132.3054037586471,0.955882352941,11.3944507865
132.3054037586471,0.926470588235,10.154599648
132.3054037586471,0.955882352941,8.83654242048
132.3054037586471,0.897058823529,7.46928400116
132.3054037586471,0.897058823529,6.05712384753
132.3054037586471,0.882352941176,4.59313648314
132.3054037586471,0.882352941176,3.0799870154
132.3054037586471,0.882352941176,1.53926453413
132.3054037586471,0.882352941176,0.0
132.3054037586471,0.926470588235,-1.51766943763
132.3054037586471,0.911764705882,-3.00949724272
132.3054037586471,0.926470588235,-4.48505725559
132.3054037586471,0.867647058824,-5.95917363706
132.3054037586471,0.926470588235,-7.43896350876
146.70357112570957,1.0,0.224436016722
146.70357112570957,0.867647058824,3.42800899451
146.70357112570957,0.941176470588,6.23527813803
146.70357112570957,0.911764705882,8.66082964741
146.70357112570957,0.852941176471,10.7181490496
146.70357112570957,0.897058823529,12.4235036029
146.70357112570957,0.911764705882,13.797736698
146.70357112570957,0.911764705882,14.8660598945
146.70357112570957,0.926470588235,15.6557480211
146.70357112570957,0.897058823529,16.1922542409
146.70357112570957,0.911764705882,16.4962702206
146.70357112570957,0.867647058824,16.5836694966
146.70357112570957,0.911764705882,16.4673300933
146.70357112570957,0.897058823529,16.1569334045
146.70357112570957,0.911764705882,15.6530612966
146.70357112570957,0.926470588235,14.9435192577
146.70357112570957,0.897058823529,14.0210802739
146.70357112570957,0.897058823529,12.9121202242
146.70357112570957,0.941176470588,11.6722690857
146.70357112570957,0.911764705882,10.3542118581
146.70357112570957,0.941176470588,8.98695343879
146.70357112570957,0.926470588235,7.57479328516
146.70357112570957,0.897058823529,6.11080592077
146.70357112570957,0.882352941176,4.59765645303
146.70357112570957,0.897058823529,3.05693397176
146.70357112570957,0.882352941176,1.51766943763
146.70357112570957,0.897058823529,0.0
146.70357112570957,0.867647058824,-1.49182780509
146.70357112570957,0.867647058824,-2.96738781796
146.70357112570957,0.911764705882,-4.44150419944
146.70357112570957,0.926470588235,-5.92129407113
162.66862251746463,1.0,1.71626382181
162.66862251746463,0.955882352941,4.9198367996
162.66862251746463,0.955882352941,7.72710594312
162.66862251746463,0.941176470588,10.1526574525
162.66862251746463,0.970588235294,12.2099768547
162.66862251746463,0.955882352941,13.915331408
162.66862251746463,0.955882352941,15.2895645031
162.66862251746463,0.926470588235,16.3578876996
162.66862251746463,0.897058823529,17.1475758262
162.66862251746463,0.941176470588,17.684082046
162.66862251746463,0.941176470588,17.9880980257
162.66862251746463,0.911764705882,18.0754973017
162.66862251746463,0.911764705882,17.9591578984
162.66862251746463,0.911764705882,17.6487612096
162.66862251746463,0.911764705882,17.1448891016
162.66862251746463,0.926470588235,16.4353470628
162.66862251746463,0.926470588235,15.512908079
162.66862251746463,0.941176470588,14.4039480293
162.66862251746463,0.955882352941,13.1640968908
162.66862251746463,0.926470588235,11.8460396632
162.66862251746463,0.941176470588,10.4787812439
162.66862251746463,0.926470588235,9.06662109025
162.66862251746463,0.897058823529,7.60263372585
162.66862251746463,0.955882352941,6.08948425812
162.66862251746463,0.970588235294,4.54876177685
162.66862251746463,0.985294117647,3.00949724272
162.66862251746463,0.941176470588,1.49182780509
162.66862251746463,0.941176470588,0.0
162.66862251746463,0.926470588235,-1.47556001287
162.66862251746463,0.926470588235,-2.94967639435
162.66862251746463,0.926470588235,-4.42946626604
180.37107446454084,1.0,3.19182383469
180.37107446454084,0.911764705882,6.39539681247
180.37107446454084,0.897058823529,9.20266595599
180.37107446454084,0.867647058824,11.6282174654
180.37107446454084,0.867647058824,13.6855368676
180.37107446454084,0.867647058824,15.3908914208
180.37107446454084,0.867647058824,16.765124516
180.37107446454084,0.897058823529,17.8334477125
180.37107446454084,0.838235294118,18.623135839
180.37107446454084,0.882352941176,19.1596420589
180.37107446454084,0.897058823529,19.4636580386
180.37107446454084,0.897058823529,19.5510573146
180.37107446454084,0.867647058824,19.4347179113
180.37107446454084,0.867647058824,19.1243212225
180.37107446454084,0.838235294118,18.6204491145
180.37107446454084,0.838235294118,17.9109070757
180.37107446454084,0.911764705882,16.9884680919
180.37107446454084,0.867647058824,15.8795080421
180.37107446454084,0.867647058824,14.6396569036
180.37107446454084,0.838235294118,13.3215996761
180.37107446454084,0.867647058824,11.9543412568
180.37107446454084,0.867647058824,10.5421811031
180.37107446454084,0.926470588235,9.07819373873
180.37107446454084,0.867647058824,7.565044271
180.37107446454084,0.882352941176,6.02432178972
180.37107446454084,0.867647058824,4.48505725559
180.37107446454084,0.867647058824,2.96738781796
180.37107446454084,0.867647058824,1.47556001287
180.37107446454084,0.897058823529,0.0
180.37107446454084,0.926470588235,-1.47411638147
180.37107446454084,0.926470588235,-2.95390625316
199.99999999999997,1.0,4.66594021616
199.99999999999997,0.941176470588,7.86951319395
199.99999999999997,0.926470588235,10.6767823375
199.99999999999997,0.941176470588,13.1023338468
199.99999999999997,0.926470588235,15.1596532491
199.99999999999997,0.926470588235,16.8650078023
199.99999999999997,0.911764705882,18.2392408975
199.99999999999997,0.955882352941,19.3075640939
199.99999999999997,0.911764705882,20.0972522205
199.99999999999997,0.926470588235,20.6337584403
199.99999999999997,0.926470588235,20.93777442
199.99999999999997,0.867647058824,21.025173696
199.99999999999997,0.911764705882,20.9088342927
199.99999999999997,0.941176470588,20.598437604
199.99999999999997,0.970588235294,20.094565496
199.99999999999997,0.941176470588,19.3850234571
199.99999999999997,0.955882352941,18.4625844734
199.99999999999997,0.970588235294,17.3536244236
199.99999999999997,0.926470588235,16.1137732851
199.99999999999997,0.970588235294,14.7957160575
199.99999999999997,0.926470588235,13.4284576382
199.99999999999997,0.970588235294,12.0162974846
199.99999999999997,0.941176470588,10.5523101202
199.99999999999997,0.970588235294,9.03916065247
199.99999999999997,0.955882352941,7.4984381712
199.99999999999997,0.970588235294,5.95917363706
199.99999999999997,0.985294117647,4.44150419944
199.99999999999997,0.970588235294,2.94967639435
199.99999999999997,0.985294117647,1.47411638147
199.99999999999997,0.985294117647,0.0
199.99999999999997,0.970588235294,-1.47978987169
221.76504807517568,1.0,6.14573008785
221.76504807517568,0.941176470588,9.34930306564
221.76504807517568,0.867647058824,12.1565722092
221.76504807517568,0.867647058824,14.5821237185
221.76504807517568,0.911764705882,16.6394431208
221.76504807517568,0.955882352941,18.344797674
221.76504807517568,0.941176470588,19.7190307692
221.76504807517568,0.926470588235,20.7873539656
221.76504807517568,0.955882352941,21.5770420922
221.76504807517568,0.897058823529,22.113548312
221.76504807517568,0.897058823529,22.4175642917
221.76504807517568,0.926470588235,22.5049635677
221.76504807517568,0.941176470588,22.3886241644
221.76504807517568,0.941176470588,22.0782274757
221.76504807517568,0.955882352941,21.5743553677
221.76504807517568,0.955882352941,20.8648133288
221.76504807517568,0.970588235294,19.942374345
221.76504807517568,0.955882352941,18.8334142953
221.76504807517568,0.955882352941,17.5935631568
221.76504807517568,0.970588235294,16.2755059292
221.76504807517568,0.941176470588,14.9082475099
221.76504807517568,0.970588235294,13.4960873563
221.76504807517568,0.955882352941,12.0320999919
221.76504807517568,0.941176470588,10.5189505242
221.76504807517568,0.955882352941,8.97822804289
221.76504807517568,0.970588235294,7.43896350876
221.76504807517568,0.955882352941,5.92129407113
221.76504807517568,0.955882352941,4.42946626604
221.76504807517568,0.970588235294,2.95390625316
221.76504807517568,0.955882352941,1.47978987169
221.76504807517568,0.941176470588,0.0
