Temperature (Kelvin),RMSD to Native (Angstroms),Free Energy (Dimensionless)
50.0,0.0,0.0
50.0,0.08834877610206604,0.3370234265876886
50.0,0.104481540620327,0.43819622715556505
50.0,0.09732691943645477,0.19506497884065732
50.0,0.10316802561283112,-0.35446544563732596
50.0,0.10581479966640472,-1.0797624521786022
50.0,0.1065840944647789,-1.8920273074254728
50.0,0.10671523958444595,-2.7572229378242006
50.0,0.11402247101068497,-3.6674721782469786
50.0,0.1128736138343811,-4.623017751440509
50.0,0.1093866229057312,-5.623478108099638
50.0,0.09620999544858932,-6.6640932756877085
50.0,0.08945014327764511,-7.735818508688306
50.0,0.09780588001012802,-8.827817114972179
50.0,0.11332052946090698,-9.930059449107043
50.0,0.1320250928401947,-11.034574323593892
50.0,0.13706707954406738,-12.135386657104123
50.0,0.1269080489873886,-13.227896172919692
50.0,0.12586168944835663,-14.308338884284124
50.0,0.141425222158432,-15.373564645044656
50.0,0.13907475769519806,-16.421049330076606
50.0,0.12865446507930756,-17.44895926371481
50.0,0.13226084411144257,-18.456140226252053
50.0,0.14257143437862396,-19.441998189138477
50.0,0.16418646275997162,-20.406298190080868
50.0,0.16803498566150665,-21.348922739065117
50.0,0.15955568850040436,-22.269628961325047
50.0,0.1582091599702835,-23.167845722241143
50.0,0.1653229296207428,-24.04255544298224
50.0,0.16574732959270477,-24.892294014341424
50.0,0.16857139766216278,-25.715270006373682
53.71691196881078,0.0,-0.3370234265876886
53.71691196881078,0.09630246460437775,0.0
53.71691196881078,0.09449976682662964,0.10117280056787648
53.71691196881078,0.10659303516149521,-0.14195844774703126
53.71691196881078,0.10002021491527557,-0.6914888722250145
53.71691196881078,0.11463695764541626,-1.4167858787662908
53.71691196881078,0.11090471595525742,-2.2290507340131613
53.71691196881078,0.11798232793807983,-3.094246364411889
53.71691196881078,0.11764504760503769,-4.004495604834667
53.71691196881078,0.11525644361972809,-4.960041178028197
53.71691196881078,0.11149076372385025,-5.960501534687326
53.71691196881078,0.1244775652885437,-7.001116702275397
53.71691196881078,0.11846364289522171,-8.072841935275994
53.71691196881078,0.12576062977313995,-9.164840541559867
53.71691196881078,0.14191214740276337,-10.267082875694731
53.71691196881078,0.1329871118068695,-11.37159775018158
53.71691196881078,0.14326763153076172,-12.47241008369181
53.71691196881078,0.15495064854621887,-13.56491959950738
53.71691196881078,0.16951729357242584,-14.645362310871812
53.71691196881078,0.16201326251029968,-15.710588071632344
53.71691196881078,0.15500807762145996,-16.758072756664294
53.71691196881078,0.17071698606014252,-17.785982690302497
53.71691196881078,0.15960150957107544,-18.79316365283974
53.71691196881078,0.15627238154411316,-19.779021615726165
53.71691196881078,0.15752047300338745,-20.743321616668556
53.71691196881078,0.15458710491657257,-21.685946165652805
53.71691196881078,0.13456498086452484,-22.606652387912735
53.71691196881078,0.1250610202550888,-23.50486914882883
53.71691196881078,0.12379125505685806,-24.37957886956993
53.71691196881078,0.1166900247335434,-25.229317440929112
53.71691196881078,0.12855559587478638,-26.05229343296137
57.71013262929934,0.0,-0.43819622715556505
57.71013262929934,0.057481855154037476,-0.10117280056787648
57.71013262929934,0.08464042097330093,0.0
57.71013262929934,0.10421039909124374,-0.24313124831490773
57.71013262929934,0.12748287618160248,-0.792661672792891
57.71013262929934,0.13493770360946655,-1.5179586793341673
57.71013262929934,0.14167898893356323,-2.330223534581038
57.71013262929934,0.1561441719532013,-3.1954191649797656
57.71013262929934,0.14527714252471924,-4.105668405402543
57.71013262929934,0.1983664333820343,-5.061213978596074
57.71013262929934,0.2073795050382614,-6.061674335255203
57.71013262929934,0.20824074745178223,-7.1022895028432735
57.71013262929934,0.2096874713897705,-8.17401473584387
57.71013262929934,0.21425849199295044,-9.266013342127744
57.71013262929934,0.2051323652267456,-10.368255676262608
57.71013262929934,0.22091907262802124,-11.472770550749457
57.71013262929934,0.22957181930541992,-12.573582884259688
57.71013262929934,0.23990598320960999,-13.666092400075257
57.71013262929934,0.27166229486465454,-14.74653511143969
57.71013262929934,0.281877726316452,-15.811760872200221
57.71013262929934,0.30761149525642395,-16.85924555723217
57.71013262929934,0.2883269488811493,-17.887155490870374
57.71013262929934,0.30198052525520325,-18.894336453407618
57.71013262929934,0.29798975586891174,-19.880194416294042
57.71013262929934,0.3144834637641907,-20.844494417236433
57.71013262929934,0.3375687003135681,-21.78711896622068
57.71013262929934,0.3230675756931305,-22.707825188480612
57.71013262929934,0.33411094546318054,-23.606041949396708
57.71013262929934,0.3282063603401184,-24.480751670137806
57.71013262929934,0.3226304054260254,-25.33049024149699
57.71013262929934,0.3233075737953186,-26.153466233529247
62.00020228312935,0.0,-0.19506497884065732
62.00020228312935,0.06704465299844742,0.14195844774703126
62.00020228312935,0.07184208929538727,0.24313124831490773
62.00020228312935,0.0973726361989975,0.0
62.00020228312935,0.08538828045129776,-0.5495304244779833
62.00020228312935,0.08920815587043762,-1.2748274310192595
62.00020228312935,0.10403943061828613,-2.08709228626613
62.00020228312935,0.1102982610464096,-2.952287916664858
62.00020228312935,0.11813850700855255,-3.862537157087636
62.00020228312935,0.10900525748729706,-4.818082730281166
62.00020228312935,0.11053146421909332,-5.818543086940295
62.00020228312935,0.13294647634029388,-6.859158254528365
62.00020228312935,0.13954481482505798,-7.930883487528963
62.00020228312935,0.1361292153596878,-9.022882093812836
62.00020228312935,0.12853580713272095,-10.1251244279477
62.00020228312935,0.12341833859682083,-11.229639302434549
62.00020228312935,0.12674011290073395,-12.33045163594478
62.00020228312935,0.13604512810707092,-13.422961151760349
62.00020228312935,0.15112653374671936,-14.503403863124781
62.00020228312935,0.14043045043945312,-15.568629623885313
62.00020228312935,0.15553425252437592,-16.616114308917265
62.00020228312935,0.16168130934238434,-17.644024242555467
62.00020228312935,0.17379337549209595,-18.65120520509271
62.00020228312935,0.227239191532135,-19.637063167979136
62.00020228312935,0.2213733196258545,-20.601363168921527
62.00020228312935,0.21476827561855316,-21.543987717905775
62.00020228312935,0.23847061395645142,-22.464693940165706
62.00020228312935,0.24196688830852509,-23.362910701081802
62.00020228312935,0.2744227647781372,-24.2376204218229
62.00020228312935,0.3014431893825531,-25.087358993182082
62.00020228312935,0.3069835603237152,-25.91033498521434
66.60918816182641,0.0,0.35446544563732596
66.60918816182641,0.058081526309251785,0.6914888722250145
66.60918816182641,0.07234036922454834,0.792661672792891
66.60918816182641,0.06471890956163406,0.5495304244779833
66.60918816182641,0.08053730428218842,0.0
66.60918816182641,0.08804601430892944,-0.7252970065412763
66.60918816182641,0.07743428647518158,-1.5375618617881468
66.60918816182641,0.06801438331604004,-2.4027574921868746
66.60918816182641,0.07989132404327393,-3.3130067326096526
66.60918816182641,0.07973998039960861,-4.268552305803183
66.60918816182641,0.07138041406869888,-5.269012662462313
66.60918816182641,0.07223482429981232,-6.309627830050383
66.60918816182641,0.07784373313188553,-7.38135306305098
66.60918816182641,0.08952118456363678,-8.473351669334853
66.60918816182641,0.09536038339138031,-9.575594003469718
66.60918816182641,0.10783243179321289,-10.680108877956567
66.60918816182641,0.12141621857881546,-11.780921211466797
66.60918816182641,0.1552826464176178,-12.873430727282367
66.60918816182641,0.15673549473285675,-13.953873438646799
66.60918816182641,0.18902307748794556,-15.01909919940733
66.60918816182641,0.16207996010780334,-16.06658388443928
66.60918816182641,0.17310792207717896,-17.09449381807748
66.60918816182641,0.203125,-18.101674780614726
66.60918816182641,0.21533000469207764,-19.08753274350115
66.60918816182641,0.2080528885126114,-20.05183274444354
66.60918816182641,0.17157696187496185,-20.99445729342779
66.60918816182641,0.19502420723438263,-21.91516351568772
66.60918816182641,0.20084767043590546,-22.813380276603816
66.60918816182641,0.19695597887039185,-23.688089997344914
66.60918816182641,0.19833597540855408,-24.537828568704096
66.60918816182641,0.20201393961906433,-25.360804560736355
71.56079793605565,0.0,1.0797624521786022
71.56079793605565,0.05126720666885376,1.4167858787662908
71.56079793605565,0.07598802447319031,1.5179586793341673
71.56079793605565,0.08801712840795517,1.2748274310192595
71.56079793605565,0.10956665873527527,0.7252970065412763
71.56079793605565,0.10476107895374298,0.0
71.56079793605565,0.10584484040737152,-0.8122648552468705
71.56079793605565,0.11132241785526276,-1.6774604856455984
71.56079793605565,0.12495675683021545,-2.5877097260683763
71.56079793605565,0.13424567878246307,-3.5432552992619066
71.56079793605565,0.13248178362846375,-4.543715655921035
71.56079793605565,0.13037261366844177,-5.584330823509106
71.56079793605565,0.13386626541614532,-6.656056056509703
71.56079793605565,0.14947468042373657,-7.748054662793576
71.56079793605565,0.14938746392726898,-8.85029699692844
71.56079793605565,0.15925855934619904,-9.95481187141529
71.56079793605565,0.17611730098724365,-11.05562420492552
71.56079793605565,0.15342912077903748,-12.14813372074109
71.56079793605565,0.16338291764259338,-13.228576432105521
71.56079793605565,0.15704955160617828,-14.293802192866053
71.56079793605565,0.16942350566387177,-15.341286877898003
71.56079793605565,0.16963915526866913,-16.369196811536206
71.56079793605565,0.15549132227897644,-17.37637777407345
71.56079793605565,0.16606158018112183,-18.362235736959875
71.56079793605565,0.16807658970355988,-19.326535737902265
71.56079793605565,0.18050651252269745,-20.269160286886514
71.56079793605565,0.18508371710777283,-21.189866509146444
71.56079793605565,0.18289461731910706,-22.08808327006254
71.56079793605565,0.17435401678085327,-22.96279299080364
71.56079793605565,0.16117127239704132,-23.81253156216282
71.56079793605565,0.1643606275320053,-24.63550755419508
76.88050166297916,0.0,1.8920273074254728
76.88050166297916,0.096004918217659,2.2290507340131613
76.88050166297916,0.11839117109775543,2.330223534581038
76.88050166297916,0.12467150390148163,2.08709228626613
76.88050166297916,0.13560980558395386,1.5375618617881468
76.88050166297916,0.15004780888557434,0.8122648552468705
76.88050166297916,0.1875745803117752,0.0
76.88050166297916,0.20506727695465088,-0.8651956303987278
76.88050166297916,0.21984444558620453,-1.7754448708215058
76.88050166297916,0.20141349732875824,-2.730990444015036
76.88050166297916,0.19919800758361816,-3.7314508006741653
76.88050166297916,0.21017657220363617,-4.772065968262236
76.88050166297916,0.23296423256397247,-5.8437912012628335
76.88050166297916,0.2417973428964615,-6.935789807546707
76.88050166297916,0.24121950566768646,-8.03803214168157
76.88050166297916,0.2629571855068207,-9.14254701616842
76.88050166297916,0.26904845237731934,-10.24335934967865
76.88050166297916,0.25270524621009827,-11.33586886549422
76.88050166297916,0.2723168134689331,-12.416311576858652
76.88050166297916,0.27797916531562805,-13.481537337619184
76.88050166297916,0.2938690483570099,-14.529022022651134
76.88050166297916,0.2786747217178345,-15.556931956289336
76.88050166297916,0.26994019746780396,-16.56411291882658
76.88050166297916,0.26135775446891785,-17.549970881713005
76.88050166297916,0.260949969291687,-18.514270882655396
76.88050166297916,0.24587276577949524,-19.456895431639644
76.88050166297916,0.26926693320274353,-20.377601653899575
76.88050166297916,0.23774433135986328,-21.27581841481567
76.88050166297916,0.2506210207939148,-22.15052813555677
76.88050166297916,0.2432941049337387,-23.00026670691595
76.88050166297916,0.23633350431919098,-23.82324269894821
82.59566279896524,0.0,2.7572229378242006
82.59566279896524,0.13557229936122894,3.094246364411889
82.59566279896524,0.151735320687294,3.1954191649797656
82.59566279896524,0.16136445105075836,2.952287916664858
82.59566279896524,0.16977214813232422,2.4027574921868746
82.59566279896524,0.2079199254512787,1.6774604856455984
82.59566279896524,0.22515925765037537,0.8651956303987278
82.59566279896524,0.24634164571762085,0.0
82.59566279896524,0.26340165734291077,-0.910249240422778
82.59566279896524,0.2602534592151642,-1.8657948136163083
82.59566279896524,0.2370198518037796,-2.8662551702754375
82.59566279896524,0.25662606954574585,-3.906870337863508
82.59566279896524,0.2585770785808563,-4.978595570864105
82.59566279896524,0.257175475358963,-6.070594177147978
82.59566279896524,0.2820073962211609,-7.172836511282842
82.59566279896524,0.26600053906440735,-8.277351385769691
82.59566279896524,0.26184019446372986,-9.378163719279922
82.59566279896524,0.2721007764339447,-10.470673235095491
82.59566279896524,0.28649309277534485,-11.551115946459923
82.59566279896524,0.3069576919078827,-12.616341707220455
82.59566279896524,0.3045664429664612,-13.663826392252405
82.59566279896524,0.3119012713432312,-14.691736325890608
82.59566279896524,0.3264261484146118,-15.698917288427852
82.59566279896524,0.3087708652019501,-16.684775251314278
82.59566279896524,0.31660711765289307,-17.64907525225667
82.59566279896524,0.32670554518699646,-18.591699801240917
82.59566279896524,0.31965383887290955,-19.512406023500848
82.59566279896524,0.3050670325756073,-20.410622784416944
82.59566279896524,0.3183114528656006,-21.285332505158042
82.59566279896524,0.31205514073371887,-22.135071076517224
82.59566279896524,0.29808253049850464,-22.958047068549483
88.7356789515519,0.0,3.6674721782469786
88.7356789515519,0.07397420704364777,4.004495604834667
88.7356789515519,0.08283337950706482,4.105668405402543
88.7356789515519,0.08605948090553284,3.862537157087636
88.7356789515519,0.09361426532268524,3.3130067326096526
88.7356789515519,0.11284826695919037,2.5877097260683763
88.7356789515519,0.13215744495391846,1.7754448708215058
88.7356789515519,0.14872847497463226,0.910249240422778
88.7356789515519,0.17183615267276764,0.0
88.7356789515519,0.1895889937877655,-0.9555455731935303
88.7356789515519,0.197408989071846,-1.9560059298526595
88.7356789515519,0.21850281953811646,-2.99662109744073
88.7356789515519,0.23758383095264435,-4.068346330441328
88.7356789515519,0.2598170042037964,-5.160344936725201
88.7356789515519,0.24454264342784882,-6.262587270860065
88.7356789515519,0.260869562625885,-7.367102145346914
88.7356789515519,0.233080193400383,-8.467914478857145
88.7356789515519,0.2302548587322235,-9.560423994672714
88.7356789515519,0.22077657282352448,-10.640866706037146
88.7356789515519,0.21991239488124847,-11.706092466797678
88.7356789515519,0.2166413813829422,-12.753577151829628
88.7356789515519,0.2230185866355896,-13.78148708546783
88.7356789515519,0.2241290658712387,-14.788668048005075
88.7356789515519,0.2356303185224533,-15.774526010891499
88.7356789515519,0.2485615313053131,-16.73882601183389
88.7356789515519,0.24768520891666412,-17.68145056081814
88.7356789515519,0.2684428095817566,-18.60215678307807
88.7356789515519,0.28051549196243286,-19.500373543994165
88.7356789515519,0.31208062171936035,-20.375083264735263
88.7356789515519,0.31414058804512024,-21.224821836094446
88.7356789515519,0.31263527274131775,-22.047797828126704
95.33213309466339,0.0,4.623017751440509
95.33213309466339,0.09709801524877548,4.960041178028197
95.33213309466339,0.13328558206558228,5.061213978596074
95.33213309466339,0.15249183773994446,4.818082730281166
95.33213309466339,0.18144100904464722,4.268552305803183
95.33213309466339,0.19007962942123413,3.5432552992619066
95.33213309466339,0.2073105126619339,2.730990444015036
95.33213309466339,0.2453952133655548,1.8657948136163083
95.33213309466339,0.2311835139989853,0.9555455731935303
95.33213309466339,0.21137559413909912,0.0
95.33213309466339,0.2303777039051056,-1.0004603566591292
95.33213309466339,0.24575895071029663,-2.0410755242471996
95.33213309466339,0.2540026307106018,-3.112800757247797
95.33213309466339,0.2796597182750702,-4.20479936353167
95.33213309466339,0.2849242687225342,-5.307041697666534
95.33213309466339,0.29245832562446594,-6.411556572153383
95.33213309466339,0.2940972149372101,-7.512368905663614
95.33213309466339,0.29483023285865784,-8.604878421479183
95.33213309466339,0.2634439170360565,-9.685321132843615
95.33213309466339,0.26880019903182983,-10.750546893604147
95.33213309466339,0.30325162410736084,-11.798031578636097
95.33213309466339,0.26614388823509216,-12.8259415122743
95.33213309466339,0.2768860459327698,-13.833122474811544
95.33213309466339,0.27297207713127136,-14.818980437697968
95.33213309466339,0.2943327724933624,-15.78328043864036
95.33213309466339,0.30452051758766174,-16.72590498762461
95.33213309466339,0.3114147484302521,-17.64661120988454
95.33213309466339,0.30023011565208435,-18.544827970800632
95.33213309466339,0.3200036883354187,-19.419537691541734
95.33213309466339,0.32906726002693176,-20.269276262900917
95.33213309466339,0.3169122040271759,-21.09225225493317
102.41895602489973,0.0,5.623478108099638
102.41895602489973,0.05107462406158447,5.960501534687326
102.41895602489973,0.06374891847372055,6.061674335255203
102.41895602489973,0.06446792185306549,5.818543086940295
102.41895602489973,0.07565680891275406,5.269012662462313
102.41895602489973,0.08906906843185425,4.543715655921035
102.41895602489973,0.0945165827870369,3.7314508006741653
102.41895602489973,0.09773434698581696,2.8662551702754375
102.41895602489973,0.10553202778100967,1.9560059298526595
102.41895602489973,0.10452716797590256,1.0004603566591292
102.41895602489973,0.10871616005897522,0.0
102.41895602489973,0.11323072761297226,-1.0406151675880704
102.41895602489973,0.12402984499931335,-2.1123404005886677
102.41895602489973,0.13199378550052643,-3.204339006872541
102.41895602489973,0.1428253948688507,-4.306581341007405
102.41895602489973,0.14075830578804016,-5.411096215494254
102.41895602489973,0.15511469542980194,-6.511908549004485
102.41895602489973,0.17712880671024323,-7.604418064820054
102.41895602489973,0.16739621758460999,-8.684860776184486
102.41895602489973,0.14894846081733704,-9.750086536945018
102.41895602489973,0.14869853854179382,-10.797571221976968
102.41895602489973,0.15479876101016998,-11.82548115561517
102.41895602489973,0.15600159764289856,-12.832662118152415
102.41895602489973,0.15697059035301208,-13.818520081038839
102.41895602489973,0.1511223316192627,-14.78282008198123
102.41895602489973,0.15380781888961792,-15.725444630965479
102.41895602489973,0.14220306277275085,-16.646150853225407
102.41895602489973,0.1413060426712036,-17.544367614141507
102.41895602489973,0.14309000968933105,-18.4190773348826
102.41895602489973,0.1452465057373047,-19.268815906241784
102.41895602489973,0.14338518679141998,-20.091791898274046
110.03260089454083,0.0,6.6640932756877085
110.03260089454083,0.039467304944992065,7.001116702275397
110.03260089454083,0.07179339230060577,7.1022895028432735
110.03260089454083,0.0914151519536972,6.859158254528365
110.03260089454083,0.08781463652849197,6.309627830050383
110.03260089454083,0.09955191612243652,5.584330823509106
110.03260089454083,0.11312399059534073,4.772065968262236
110.03260089454083,0.1262047290802002,3.906870337863508
110.03260089454083,0.1387658268213272,2.99662109744073
110.03260089454083,0.14435958862304688,2.0410755242471996
110.03260089454083,0.14263831079006195,1.0406151675880704
110.03260089454083,0.1288939118385315,0.0
110.03260089454083,0.138791024684906,-1.0717252330005973
110.03260089454083,0.1496850848197937,-2.1637238392844704
110.03260089454083,0.15353475511074066,-3.2659661734193346
110.03260089454083,0.16464662551879883,-4.370481047906184
110.03260089454083,0.16632936894893646,-5.471293381416414
110.03260089454083,0.16323304176330566,-6.563802897231984
110.03260089454083,0.16752150654792786,-7.644245608596416
110.03260089454083,0.17725975811481476,-8.709471369356947
110.03260089454083,0.16923953592777252,-9.756956054388898
110.03260089454083,0.16215838491916656,-10.7848659880271
110.03260089454083,0.1598443239927292,-11.792046950564345
110.03260089454083,0.16147080063819885,-12.777904913450769
110.03260089454083,0.1586465835571289,-13.74220491439316
110.03260089454083,0.16385698318481445,-14.684829463377408
110.03260089454083,0.17373482882976532,-15.605535685637339
110.03260089454083,0.19094730913639069,-16.503752446553435
110.03260089454083,0.19547031819820404,-17.378462167294533
110.03260089454083,0.1993001103401184,-18.228200738653715
110.03260089454083,0.22380971908569336,-19.051176730685974
118.2122307190268,0.0,7.735818508688306
118.2122307190268,0.08680976182222366,8.072841935275994
118.2122307190268,0.1315450519323349,8.17401473584387
118.2122307190268,0.17267951369285583,7.930883487528963
118.2122307190268,0.21063286066055298,7.38135306305098
118.2122307190268,0.19989895820617676,6.656056056509703
118.2122307190268,0.19376502931118011,5.8437912012628335
118.2122307190268,0.21216817200183868,4.978595570864105
118.2122307190268,0.226959228515625,4.068346330441328
118.2122307190268,0.23135671019554138,3.112800757247797
118.2122307190268,0.24532784521579742,2.1123404005886677
118.2122307190268,0.2544165551662445,1.0717252330005973
118.2122307190268,0.24937233328819275,0.0
118.2122307190268,0.21760331094264984,-1.0919986062838731
118.2122307190268,0.21929427981376648,-2.1942409404187373
118.2122307190268,0.22775481641292572,-3.2987558149055864
118.2122307190268,0.23070450127124786,-4.399568148415817
118.2122307190268,0.2168540507555008,-5.492077664231386
118.2122307190268,0.24256391823291779,-6.572520375595818
118.2122307190268,0.2607903480529785,-7.63774613635635
118.2122307190268,0.26590847969055176,-8.6852308213883
118.2122307190268,0.25959423184394836,-9.713140755026503
118.2122307190268,0.2467658370733261,-10.720321717563747
118.2122307190268,0.271994411945343,-11.706179680450171
118.2122307190268,0.29316291213035583,-12.670479681392562
118.2122307190268,0.28007999062538147,-13.61310423037681
118.2122307190268,0.283601313829422,-14.533810452636741
118.2122307190268,0.274233877658844,-15.432027213552837
118.2122307190268,0.2612385153770447,-16.306736934293937
118.2122307190268,0.2390550971031189,-17.15647550565312
118.2122307190268,0.22075209021568298,-17.979451497685375
126.99991982341423,0.0,8.827817114972179
126.99991982341423,0.0469021201133728,9.164840541559867
126.99991982341423,0.09335583448410034,9.266013342127744
126.99991982341423,0.12254983931779861,9.022882093812836
126.99991982341423,0.1485830545425415,8.473351669334853
126.99991982341423,0.14359785616397858,7.748054662793576
126.99991982341423,0.14691127836704254,6.935789807546707
126.99991982341423,0.15890485048294067,6.070594177147978
126.99991982341423,0.16283917427062988,5.160344936725201
126.99991982341423,0.18266505002975464,4.20479936353167
126.99991982341423,0.15938425064086914,3.204339006872541
126.99991982341423,0.1676182597875595,2.1637238392844704
126.99991982341423,0.15573850274085999,1.0919986062838731
126.99991982341423,0.1770336627960205,0.0
126.99991982341423,0.17889495193958282,-1.1022423341348642
126.99991982341423,0.18531715869903564,-2.2067572086217133
126.99991982341423,0.17196190357208252,-3.3075695421319438
126.99991982341423,0.15864257514476776,-4.400079057947513
126.99991982341423,0.1746218204498291,-5.480521769311945
126.99991982341423,0.1765841692686081,-6.545747530072477
126.99991982341423,0.2001436948776245,-7.593232215104427
126.99991982341423,0.21953913569450378,-8.62114214874263
126.99991982341423,0.1940404623746872,-9.628323111279874
126.99991982341423,0.20127929747104645,-10.614181074166298
126.99991982341423,0.18713003396987915,-11.578481075108689
126.99991982341423,0.15863455832004547,-12.521105624092938
126.99991982341423,0.15527650713920593,-13.441811846352868
126.99991982341423,0.1636667400598526,-14.340028607268964
126.99991982341423,0.17639325559139252,-15.214738328010062
126.99991982341423,0.16937847435474396,-16.064476899369247
126.99991982341423,0.1682334989309311,-16.8874528914015
136.4408702640074,0.0,9.930059449107043
136.4408702640074,0.0851384773850441,10.267082875694731
136.4408702640074,0.10335888713598251,10.368255676262608
136.4408702640074,0.12085725367069244,10.1251244279477
136.4408702640074,0.13536109030246735,9.575594003469718
136.4408702640074,0.15234583616256714,8.85029699692844
136.4408702640074,0.15072211623191833,8.03803214168157
136.4408702640074,0.1537623405456543,7.172836511282842
136.4408702640074,0.1640741229057312,6.262587270860065
136.4408702640074,0.17567090690135956,5.307041697666534
136.4408702640074,0.16662533581256866,4.306581341007405
136.4408702640074,0.16900645196437836,3.2659661734193346
136.4408702640074,0.17614978551864624,2.1942409404187373
136.4408702640074,0.16451141238212585,1.1022423341348642
136.4408702640074,0.19148097932338715,0.0
136.4408702640074,0.2161683887243271,-1.1045148744868492
136.4408702640074,0.22392189502716064,-2.2053272079970796
136.4408702640074,0.19330839812755585,-3.297836723812649
136.4408702640074,0.20039767026901245,-4.378279435177081
136.4408702640074,0.20982235670089722,-5.443505195937613
136.4408702640074,0.19980669021606445,-6.490989880969563
136.4408702640074,0.21137258410453796,-7.5188998146077655
136.4408702640074,0.2089402675628662,-8.52608077714501
136.4408702640074,0.25267505645751953,-9.511938740031434
136.4408702640074,0.24027539789676666,-10.476238740973825
136.4408702640074,0.2448219656944275,-11.418863289958074
136.4408702640074,0.2444061040878296,-12.339569512218004
136.4408702640074,0.24205096065998077,-13.2377862731341
136.4408702640074,0.24176447093486786,-14.112495993875198
136.4408702640074,0.23743793368339539,-14.96223456523438
136.4408702640074,0.22751322388648987,-15.78521055726664
146.58364433839236,0.0,11.034574323593892
146.58364433839236,0.06641103327274323,11.37159775018158
146.58364433839236,0.09983889013528824,11.472770550749457
146.58364433839236,0.11337101459503174,11.229639302434549
146.58364433839236,0.14203977584838867,10.680108877956567
146.58364433839236,0.1618954837322235,9.95481187141529
146.58364433839236,0.16784189641475677,9.14254701616842
146.58364433839236,0.1881651133298874,8.277351385769691
146.58364433839236,0.19720759987831116,7.367102145346914
146.58364433839236,0.16652227938175201,6.411556572153383
146.58364433839236,0.16170097887516022,5.411096215494254
146.58364433839236,0.16982457041740417,4.370481047906184
146.58364433839236,0.1825292557477951,3.2987558149055864
146.58364433839236,0.21617425978183746,2.2067572086217133
146.58364433839236,0.2297988086938858,1.1045148744868492
146.58364433839236,0.22380119562149048,0.0
146.58364433839236,0.21678221225738525,-1.1008123335102304
146.58364433839236,0.2115665078163147,-2.1933218493258
146.58364433839236,0.2402198165655136,-3.273764560690232
146.58364433839236,0.26495876908302307,-4.338990321450764
146.58364433839236,0.30691832304000854,-5.386475006482714
146.58364433839236,0.29917895793914795,-6.414384940120916
146.58364433839236,0.30147799849510193,-7.421565902658161
146.58364433839236,0.3087976574897766,-8.407423865544585
146.58364433839236,0.33001551032066345,-9.371723866486976
146.58364433839236,0.31910938024520874,-10.314348415471224
146.58364433839236,0.3498148024082184,-11.235054637731155
146.58364433839236,0.3423535227775574,-12.133271398647251
146.58364433839236,0.336934357881546,-13.007981119388349
146.58364433839236,0.37209123373031616,-13.857719690747532
146.58364433839236,0.3741700351238251,-14.68069568277979
157.48041437985782,0.0,12.135386657104123
157.48041437985782,0.10105416923761368,12.47241008369181
157.48041437985782,0.13037505745887756,12.573582884259688
157.48041437985782,0.13090309500694275,12.33045163594478
157.48041437985782,0.12561646103858948,11.780921211466797
157.48041437985782,0.13813211023807526,11.05562420492552
157.48041437985782,0.13920041918754578,10.24335934967865
157.48041437985782,0.16112984716892242,9.378163719279922
157.48041437985782,0.16678550839424133,8.467914478857145
157.48041437985782,0.1754644811153412,7.512368905663614
157.48041437985782,0.17070581018924713,6.511908549004485
157.48041437985782,0.17921273410320282,5.471293381416414
157.48041437985782,0.19568811357021332,4.399568148415817
157.48041437985782,0.2292378693819046,3.3075695421319438
157.48041437985782,0.21475642919540405,2.2053272079970796
157.48041437985782,0.20016911625862122,1.1008123335102304
157.48041437985782,0.20461878180503845,0.0
157.48041437985782,0.2204739898443222,-1.0925095158155695
157.48041437985782,0.19912616908550262,-2.1729522271800015
157.48041437985782,0.21073998510837555,-3.2381779879405332
157.48041437985782,0.17510177195072174,-4.285662672972483
157.48041437985782,0.17542099952697754,-5.313572606610686
157.48041437985782,0.1899474710226059,-6.32075356914793
157.48041437985782,0.18423673510551453,-7.3066115320343545
157.48041437985782,0.17166587710380554,-8.270911532976745
157.48041437985782,0.19171160459518433,-9.213536081960994
157.48041437985782,0.1963692158460617,-10.134242304220924
157.48041437985782,0.23560738563537598,-11.03245906513702
157.48041437985782,0.2107429951429367,-11.907168785878119
157.48041437985782,0.20985569059848785,-12.756907357237301
157.48041437985782,0.22385375201702118,-13.57988334926956
169.18723112109333,0.0,13.227896172919692
169.18723112109333,0.05115547031164169,13.56491959950738
169.18723112109333,0.0841318666934967,13.666092400075257
169.18723112109333,0.1094040647149086,13.422961151760349
169.18723112109333,0.11104220896959305,12.873430727282367
169.18723112109333,0.12302878499031067,12.14813372074109
169.18723112109333,0.12752026319503784,11.33586886549422
169.18723112109333,0.1420375406742096,10.470673235095491
169.18723112109333,0.15809056162834167,9.560423994672714
169.18723112109333,0.16104499995708466,8.604878421479183
169.18723112109333,0.17746230959892273,7.604418064820054
169.18723112109333,0.16472190618515015,6.563802897231984
169.18723112109333,0.17344915866851807,5.492077664231386
169.18723112109333,0.1738610416650772,4.400079057947513
169.18723112109333,0.19293968379497528,3.297836723812649
169.18723112109333,0.19466853141784668,2.1933218493258
169.18723112109333,0.1986754685640335,1.0925095158155695
169.18723112109333,0.21222810447216034,0.0
169.18723112109333,0.21304288506507874,-1.080442711364432
169.18723112109333,0.2266971617937088,-2.1456684721249637
169.18723112109333,0.20990566909313202,-3.193153157156914
169.18723112109333,0.20095685124397278,-4.221063090795116
169.18723112109333,0.1900595724582672,-5.228244053332361
169.18723112109333,0.20008492469787598,-6.214102016218785
169.18723112109333,0.20665010809898376,-7.178402017161176
169.18723112109333,0.1913730353116989,-8.121026566145424
169.18723112109333,0.20095369219779968,-9.041732788405355
169.18723112109333,0.195011168718338,-9.939949549321451
169.18723112109333,0.18251706659793854,-10.814659270062549
169.18723112109333,0.18469513952732086,-11.664397841421732
169.18723112109333,0.17575955390930176,-12.48737383345399
181.76431200757227,0.0,14.308338884284124
181.76431200757227,0.08092712610960007,14.645362310871812
181.76431200757227,0.10321731120347977,14.74653511143969
181.76431200757227,0.12245382368564606,14.503403863124781
181.76431200757227,0.10199664533138275,13.953873438646799
181.76431200757227,0.10457885265350342,13.228576432105521
181.76431200757227,0.10590489208698273,12.416311576858652
181.76431200757227,0.11399179697036743,11.551115946459923
181.76431200757227,0.11991985887289047,10.640866706037146
181.76431200757227,0.1218683198094368,9.685321132843615
181.76431200757227,0.1319383829832077,8.684860776184486
181.76431200757227,0.11127671599388123,7.644245608596416
181.76431200757227,0.1233307346701622,6.572520375595818
181.76431200757227,0.13624592125415802,5.480521769311945
181.76431200757227,0.13385914266109467,4.378279435177081
181.76431200757227,0.1361619085073471,3.273764560690232
181.76431200757227,0.12689301371574402,2.1729522271800015
181.76431200757227,0.14343394339084625,1.080442711364432
181.76431200757227,0.13898786902427673,0.0
181.76431200757227,0.12642870843410492,-1.0652257607605318
181.76431200757227,0.11759369820356369,-2.112710445792482
181.76431200757227,0.12769465148448944,-3.1406203794306844
181.76431200757227,0.13136611878871918,-4.147801341967929
181.76431200757227,0.14701077342033386,-5.133659304854353
181.76431200757227,0.14599092304706573,-6.097959305796744
181.76431200757227,0.14156001806259155,-7.0405838547809925
181.76431200757227,0.14597567915916443,-7.961290077040923
181.76431200757227,0.13169239461421967,-8.859506837957019
181.76431200757227,0.14051644504070282,-9.734216558698117
181.76431200757227,0.13848377764225006,-10.5839551300573
181.76431200757227,0.1724861115217209,-11.406931122089558
195.2763509436444,0.0,15.373564645044656
195.2763509436444,0.08577828854322433,15.710588071632344
195.2763509436444,0.08414697647094727,15.811760872200221
195.2763509436444,0.10279141366481781,15.568629623885313
195.2763509436444,0.10564342141151428,15.01909919940733
195.2763509436444,0.11946304142475128,14.293802192866053
195.2763509436444,0.11756936460733414,13.481537337619184
195.2763509436444,0.1295335739850998,12.616341707220455
195.2763509436444,0.129685640335083,11.706092466797678
195.2763509436444,0.13590718805789948,10.750546893604147
195.2763509436444,0.13783492147922516,9.750086536945018
195.2763509436444,0.14690044522285461,8.709471369356947
195.2763509436444,0.1500181406736374,7.63774613635635
195.2763509436444,0.16824105381965637,6.545747530072477
195.2763509436444,0.18033207952976227,5.443505195937613
195.2763509436444,0.189330592751503,4.338990321450764
195.2763509436444,0.20062121748924255,3.2381779879405332
195.2763509436444,0.1704281121492386,2.1456684721249637
195.2763509436444,0.16215643286705017,1.0652257607605318
195.2763509436444,0.16133883595466614,0.0
195.2763509436444,0.1511160135269165,-1.0474846850319501
195.2763509436444,0.17485833168029785,-2.0753946186701526
195.2763509436444,0.15960946679115295,-3.082575581207397
195.2763509436444,0.15596897900104523,-4.068433544093821
195.2763509436444,0.15299341082572937,-5.032733545036212
195.2763509436444,0.16186799108982086,-5.975358094020461
195.2763509436444,0.16227596998214722,-6.896064316280391
195.2763509436444,0.1547720581293106,-7.794281077196487
195.2763509436444,0.17330430448055267,-8.668990797937585
195.2763509436444,0.18229573965072632,-9.518729369296768
195.2763509436444,0.19873785972595215,-10.341705361329026
209.7928510646069,0.0,16.421049330076606
209.7928510646069,0.06821506470441818,16.758072756664294
209.7928510646069,0.07368140667676926,16.85924555723217
209.7928510646069,0.10373956710100174,16.616114308917265
209.7928510646069,0.1163681223988533,16.06658388443928
209.7928510646069,0.12434469908475876,15.341286877898003
209.7928510646069,0.11881197988986969,14.529022022651134
209.7928510646069,0.12565694749355316,13.663826392252405
209.7928510646069,0.11973416060209274,12.753577151829628
209.7928510646069,0.11453986167907715,11.798031578636097
209.7928510646069,0.11211062222719193,10.797571221976968
209.7928510646069,0.11203687638044357,9.756956054388898
209.7928510646069,0.12198043614625931,8.6852308213883
209.7928510646069,0.12876561284065247,7.593232215104427
209.7928510646069,0.14164309203624725,6.490989880969563
209.7928510646069,0.1440509706735611,5.386475006482714
209.7928510646069,0.1572902351617813,4.285662672972483
209.7928510646069,0.16592751443386078,3.193153157156914
209.7928510646069,0.18009041249752045,2.112710445792482
209.7928510646069,0.18968118727207184,1.0474846850319501
209.7928510646069,0.17565280199050903,0.0
209.7928510646069,0.1914992332458496,-1.0279099336382025
209.7928510646069,0.18422120809555054,-2.035090896175447
209.7928510646069,0.1874168962240219,-3.020948859061871
209.7928510646069,0.18215791881084442,-3.985248860004262
209.7928510646069,0.18482589721679688,-4.927873408988511
209.7928510646069,0.18596786260604858,-5.848579631248441
209.7928510646069,0.17902639508247375,-6.746796392164537
209.7928510646069,0.17587707936763763,-7.621506112905635
209.7928510646069,0.17153990268707275,-8.471244684264818
209.7928510646069,0.17196746170520782,-9.294220676297076
225.38848224646637,0.0,17.44895926371481
225.38848224646637,0.047421135008335114,17.785982690302497
225.38848224646637,0.05961032211780548,17.887155490870374
225.38848224646637,0.06349408626556396,17.644024242555467
225.38848224646637,0.0744667574763298,17.09449381807748
225.38848224646637,0.07084847241640091,16.369196811536206
225.38848224646637,0.07427868992090225,15.556931956289336
225.38848224646637,0.09395322948694229,14.691736325890608
225.38848224646637,0.09682917594909668,13.78148708546783
225.38848224646637,0.11211062222719193,12.8259415122743
225.38848224646637,0.1128426343202591,11.82548115561517
225.38848224646637,0.11884140968322754,10.7848659880271
225.38848224646637,0.11941247433423996,9.713140755026503
225.38848224646637,0.12586422264575958,8.62114214874263
225.38848224646637,0.13179855048656464,7.5188998146077655
225.38848224646637,0.1485958993434906,6.414384940120916
225.38848224646637,0.15401436388492584,5.313572606610686
225.38848224646637,0.1482553631067276,4.221063090795116
225.38848224646637,0.14634542167186737,3.1406203794306844
225.38848224646637,0.1504286676645279,2.0753946186701526
225.38848224646637,0.15900884568691254,1.0279099336382025
225.38848224646637,0.15821518003940582,0.0
225.38848224646637,0.16341406106948853,-1.0071809625372445
225.38848224646637,0.16476821899414062,-1.9930389254236687
225.38848224646637,0.15502038598060608,-2.9573389263660594
225.38848224646637,0.18150581419467926,-3.899963475350308
225.38848224646637,0.1960662454366684,-4.820669697610239
225.38848224646637,0.19044888019561768,-5.718886458526335
225.38848224646637,0.19651809334754944,-6.593596179267433
225.38848224646637,0.18516956269741058,-7.443334750626615
225.38848224646637,0.1870858520269394,-8.266310742658874
242.1434651923461,0.0,18.456140226252053
242.1434651923461,0.12062820047140121,18.79316365283974
242.1434651923461,0.1445576399564743,18.894336453407618
242.1434651923461,0.15056174993515015,18.65120520509271
242.1434651923461,0.16270051896572113,18.101674780614726
242.1434651923461,0.18355564773082733,17.37637777407345
242.1434651923461,0.17956538498401642,16.56411291882658
242.1434651923461,0.19946911931037903,15.698917288427852
242.1434651923461,0.19700761139392853,14.788668048005075
242.1434651923461,0.19217532873153687,13.833122474811544
242.1434651923461,0.1952652931213379,12.832662118152415
242.1434651923461,0.21011607348918915,11.792046950564345
242.1434651923461,0.18573009967803955,10.720321717563747
242.1434651923461,0.1891222894191742,9.628323111279874
242.1434651923461,0.20576366782188416,8.52608077714501
242.1434651923461,0.18391725420951843,7.421565902658161
242.1434651923461,0.19043219089508057,6.32075356914793
242.1434651923461,0.18598324060440063,5.228244053332361
242.1434651923461,0.19273363053798676,4.147801341967929
242.1434651923461,0.1987970471382141,3.082575581207397
242.1434651923461,0.18885987997055054,2.035090896175447
242.1434651923461,0.18507340550422668,1.0071809625372445
242.1434651923461,0.18771520256996155,0.0
242.1434651923461,0.199414923787117,-0.9858579628864241
242.1434651923461,0.19165189564228058,-1.950157963828815
242.1434651923461,0.1936025470495224,-2.8927825128130635
242.1434651923461,0.19409286975860596,-3.813488735072994
242.1434651923461,0.19584724307060242,-4.71170549598909
242.1434651923461,0.20699593424797058,-5.586415216730188
242.1434651923461,0.22533567249774933,-6.436153788089371
242.1434651923461,0.2089356929063797,-7.259129780121629
260.1439840712011,0.0,19.441998189138477
260.1439840712011,0.10214301943778992,19.779021615726165
260.1439840712011,0.13987475633621216,19.880194416294042
260.1439840712011,0.14938108623027802,19.637063167979136
260.1439840712011,0.16048936545848846,19.08753274350115
260.1439840712011,0.16424067318439484,18.362235736959875
260.1439840712011,0.17833788692951202,17.549970881713005
260.1439840712011,0.19495736062526703,16.684775251314278
260.1439840712011,0.20205800235271454,15.774526010891499
260.1439840712011,0.16915123164653778,14.818980437697968
260.1439840712011,0.18666569888591766,13.818520081038839
260.1439840712011,0.19669756293296814,12.777904913450769
260.1439840712011,0.20087933540344238,11.706179680450171
260.1439840712011,0.19733168184757233,10.614181074166298
260.1439840712011,0.19315046072006226,9.511938740031434
260.1439840712011,0.2034924477338791,8.407423865544585
260.1439840712011,0.19742026925086975,7.3066115320343545
260.1439840712011,0.1799297034740448,6.214102016218785
260.1439840712011,0.17628508806228638,5.133659304854353
260.1439840712011,0.17317219078540802,4.068433544093821
260.1439840712011,0.1879267543554306,3.020948859061871
260.1439840712011,0.1897766888141632,1.9930389254236687
260.1439840712011,0.18291375041007996,0.9858579628864241
260.1439840712011,0.1813744157552719,0.0
260.1439840712011,0.19325906038284302,-0.9643000009423908
260.1439840712011,0.19222329556941986,-1.9069245499266394
260.1439840712011,0.19685104489326477,-2.82763077218657
260.1439840712011,0.19131821393966675,-3.725847533102666
260.1439840712011,0.18258149921894073,-4.600557253843764
260.1439840712011,0.1920694261789322,-5.4502958252029465
260.1439840712011,0.18692436814308167,-6.273271817235205
279.48262983136846,0.0,20.406298190080868
279.48262983136846,0.03860408067703247,20.743321616668556
279.48262983136846,0.06036809831857681,20.844494417236433
279.48262983136846,0.08568558841943741,20.601363168921527
279.48262983136846,0.08737551420927048,20.05183274444354
279.48262983136846,0.10349105298519135,19.326535737902265
279.48262983136846,0.09998524934053421,18.514270882655396
279.48262983136846,0.11083590239286423,17.64907525225667
279.48262983136846,0.11606449633836746,16.73882601183389
279.48262983136846,0.12275718152523041,15.78328043864036
279.48262983136846,0.12572775781154633,14.78282008198123
279.48262983136846,0.13893067836761475,13.74220491439316
279.48262983136846,0.14900393784046173,12.670479681392562
279.48262983136846,0.14650391042232513,11.578481075108689
279.48262983136846,0.14297443628311157,10.476238740973825
279.48262983136846,0.14270293712615967,9.371723866486976
279.48262983136846,0.14821460843086243,8.270911532976745
279.48262983136846,0.15074953436851501,7.178402017161176
279.48262983136846,0.14032629132270813,6.097959305796744
279.48262983136846,0.14683768153190613,5.032733545036212
279.48262983136846,0.15422680974006653,3.985248860004262
279.48262983136846,0.15080223977565765,2.9573389263660594
279.48262983136846,0.1626555621623993,1.950157963828815
279.48262983136846,0.16463696956634521,0.9643000009423908
279.48262983136846,0.17862287163734436,0.0
279.48262983136846,0.17997387051582336,-0.9426245489842486
279.48262983136846,0.193669855594635,-1.8633307712441791
279.48262983136846,0.20162014663219452,-2.761547532160275
279.48262983136846,0.1871843934059143,-3.6362572529013732
279.48262983136846,0.18395701050758362,-4.485995824260556
279.48262983136846,0.18154259026050568,-5.308971816292814
300.258876469267,0.0,21.348922739065117
300.258876469267,0.13668154180049896,21.685946165652805
300.258876469267,0.15820111334323883,21.78711896622068
300.258876469267,0.15682673454284668,21.543987717905775
300.258876469267,0.18009570240974426,20.99445729342779
300.258876469267,0.16965600848197937,20.269160286886514
300.258876469267,0.1848035305738449,19.456895431639644
300.258876469267,0.16502654552459717,18.591699801240917
300.258876469267,0.14720740914344788,17.68145056081814
300.258876469267,0.14766021072864532,16.72590498762461
300.258876469267,0.14323878288269043,15.725444630965479
300.258876469267,0.1481674164533615,14.684829463377408
300.258876469267,0.1418830305337906,13.61310423037681
300.258876469267,0.14959374070167542,12.521105624092938
300.258876469267,0.1673126369714737,11.418863289958074
300.258876469267,0.14632804691791534,10.314348415471224
300.258876469267,0.15293313562870026,9.213536081960994
300.258876469267,0.14363327622413635,8.121026566145424
300.258876469267,0.14438161253929138,7.0405838547809925
300.258876469267,0.1416071653366089,5.975358094020461
300.258876469267,0.14307890832424164,4.927873408988511
300.258876469267,0.14720526337623596,3.899963475350308
300.258876469267,0.14900819957256317,2.8927825128130635
300.258876469267,0.14967021346092224,1.9069245499266394
300.258876469267,0.13875895738601685,0.9426245489842486
300.258876469267,0.1355019360780716,0.0
300.258876469267,0.14904233813285828,-0.9207062222599305
300.258876469267,0.15108445286750793,-1.8189229831760265
300.258876469267,0.16987884044647217,-2.6936327039171246
300.258876469267,0.17706777155399323,-3.543371275276307
300.258876469267,0.1688126027584076,-4.366347267308566
322.5795927030729,0.0,22.269628961325047
322.5795927030729,0.06823369860649109,22.606652387912735
322.5795927030729,0.056059565395116806,22.707825188480612
322.5795927030729,0.06983161717653275,22.464693940165706
322.5795927030729,0.10425309836864471,21.91516351568772
322.5795927030729,0.11732305586338043,21.189866509146444
322.5795927030729,0.12468425184488297,20.377601653899575
322.5795927030729,0.130057692527771,19.512406023500848
322.5795927030729,0.1396108716726303,18.60215678307807
322.5795927030729,0.12355992197990417,17.64661120988454
322.5795927030729,0.12373988330364227,16.646150853225407
322.5795927030729,0.11958803981542587,15.605535685637339
322.5795927030729,0.13236895203590393,14.533810452636741
322.5795927030729,0.1399133801460266,13.441811846352868
322.5795927030729,0.13663502037525177,12.339569512218004
322.5795927030729,0.1429344117641449,11.235054637731155
322.5795927030729,0.14225447177886963,10.134242304220924
322.5795927030729,0.1610410511493683,9.041732788405355
322.5795927030729,0.16432194411754608,7.961290077040923
322.5795927030729,0.15758301317691803,6.896064316280391
322.5795927030729,0.1485830545425415,5.848579631248441
322.5795927030729,0.15054485201835632,4.820669697610239
322.5795927030729,0.16523252427577972,3.813488735072994
322.5795927030729,0.19165852665901184,2.82763077218657
322.5795927030729,0.18071947991847992,1.8633307712441791
322.5795927030729,0.17021533846855164,0.9207062222599305
322.5795927030729,0.16983766853809357,0.0
322.5795927030729,0.16809172928333282,-0.898216760916096
322.5795927030729,0.1623973846435547,-1.7729264816571941
322.5795927030729,0.17319421470165253,-2.6226650530163766
322.5795927030729,0.17380252480506897,-3.445641045048635
346.5595916833161,0.0,23.167845722241143
346.5595916833161,0.0988951325416565,23.50486914882883
346.5595916833161,0.1400473713874817,23.606041949396708
346.5595916833161,0.13984748721122742,23.362910701081802
346.5595916833161,0.1575971394777298,22.813380276603816
346.5595916833161,0.13200582563877106,22.08808327006254
346.5595916833161,0.11816810071468353,21.27581841481567
346.5595916833161,0.12823620438575745,20.410622784416944
346.5595916833161,0.12844426929950714,19.500373543994165
346.5595916833161,0.1408034712076187,18.544827970800632
346.5595916833161,0.14000651240348816,17.544367614141507
346.5595916833161,0.15948793292045593,16.503752446553435
346.5595916833161,0.1616183966398239,15.432027213552837
346.5595916833161,0.16705213487148285,14.340028607268964
346.5595916833161,0.13252736628055573,13.2377862731341
346.5595916833161,0.15458093583583832,12.133271398647251
346.5595916833161,0.16611899435520172,11.03245906513702
346.5595916833161,0.16916249692440033,9.939949549321451
346.5595916833161,0.17408396303653717,8.859506837957019
346.5595916833161,0.18122361600399017,7.794281077196487
346.5595916833161,0.1663523018360138,6.746796392164537
346.5595916833161,0.17063875496387482,5.718886458526335
346.5595916833161,0.19560524821281433,4.71170549598909
346.5595916833161,0.1707635223865509,3.725847533102666
346.5595916833161,0.16736014187335968,2.761547532160275
346.5595916833161,0.17308588325977325,1.8189229831760265
346.5595916833161,0.17603063583374023,0.898216760916096
346.5595916833161,0.17953705787658691,0.0
346.5595916833161,0.1758662313222885,-0.8747097207410981
346.5595916833161,0.17156215012073517,-1.7244482921002806
346.5595916833161,0.173074871301651,-2.547424284132539
372.32222156799395,0.0,24.04255544298224
372.32222156799395,0.07276100665330887,24.37957886956993
372.32222156799395,0.08265281468629837,24.480751670137806
372.32222156799395,0.07643018662929535,24.2376204218229
372.32222156799395,0.07529881596565247,23.688089997344914
372.32222156799395,0.08479427546262741,22.96279299080364
372.32222156799395,0.09191454201936722,22.15052813555677
372.32222156799395,0.09401749819517136,21.285332505158042
372.32222156799395,0.09772784262895584,20.375083264735263
372.32222156799395,0.11996491998434067,19.419537691541734
372.32222156799395,0.12213669717311859,18.4190773348826
372.32222156799395,0.1129637062549591,17.378462167294533
372.32222156799395,0.11426198482513428,16.306736934293937
372.32222156799395,0.10747808963060379,15.214738328010062
372.32222156799395,0.10202157497406006,14.112495993875198
372.32222156799395,0.10225500166416168,13.007981119388349
372.32222156799395,0.097238689661026,11.907168785878119
372.32222156799395,0.10296136885881424,10.814659270062549
372.32222156799395,0.11455651372671127,9.734216558698117
372.32222156799395,0.12401190400123596,8.668990797937585
372.32222156799395,0.13496126234531403,7.621506112905635
372.32222156799395,0.13120387494564056,6.593596179267433
372.32222156799395,0.12160719931125641,5.586415216730188
372.32222156799395,0.12487787008285522,4.600557253843764
372.32222156799395,0.13196969032287598,3.6362572529013732
372.32222156799395,0.1376063972711563,2.6936327039171246
372.32222156799395,0.1566888391971588,1.7729264816571941
372.32222156799395,0.12999168038368225,0.8747097207410981
372.32222156799395,0.13822413980960846,0.0
372.32222156799395,0.1535782366991043,-0.8497385713591825
372.32222156799395,0.15512698888778687,-1.672714563391441
399.9999999999999,0.0,24.892294014341424
399.9999999999999,0.07576178014278412,25.229317440929112
399.9999999999999,0.09796825051307678,25.33049024149699
399.9999999999999,0.10347876697778702,25.087358993182082
399.9999999999999,0.10423175245523453,24.537828568704096
399.9999999999999,0.10127098858356476,23.81253156216282
399.9999999999999,0.09220460057258606,23.00026670691595
399.9999999999999,0.093076191842556,22.135071076517224
399.9999999999999,0.09415264427661896,21.224821836094446
399.9999999999999,0.1025623083114624,20.269276262900917
399.9999999999999,0.11015117168426514,19.268815906241784
399.9999999999999,0.1173718124628067,18.228200738653715
399.9999999999999,0.10945925116539001,17.15647550565312
399.9999999999999,0.09730405360460281,16.064476899369247
399.9999999999999,0.11738806217908859,14.96223456523438
399.9999999999999,0.12471739202737808,13.857719690747532
399.9999999999999,0.13192632794380188,12.756907357237301
399.9999999999999,0.13323786854743958,11.664397841421732
399.9999999999999,0.14478835463523865,10.5839551300573
399.9999999999999,0.14483006298542023,9.518729369296768
399.9999999999999,0.15279380977153778,8.471244684264818
399.9999999999999,0.151292622089386,7.443334750626615
399.9999999999999,0.16390740871429443,6.436153788089371
399.9999999999999,0.1673639416694641,5.4502958252029465
399.9999999999999,0.161078542470932,4.485995824260556
399.9999999999999,0.15728013217449188,3.543371275276307
399.9999999999999,0.1417507827281952,2.6226650530163766
399.9999999999999,0.14156001806259155,1.7244482921002806
399.9999999999999,0.13838732242584229,0.8497385713591825
399.9999999999999,0.14343838393688202,0.0
399.9999999999999,0.14603011310100555,-0.8229759920322586
429.7352957504862,0.0,25.715270006373682
429.7352957504862,0.1585303097963333,26.05229343296137
429.7352957504862,0.17277337610721588,26.153466233529247
429.7352957504862,0.21073848009109497,25.91033498521434
429.7352957504862,0.20080335438251495,25.360804560736355
429.7352957504862,0.20055148005485535,24.63550755419508
429.7352957504862,0.2120722532272339,23.82324269894821
429.7352957504862,0.18018217384815216,22.958047068549483
429.7352957504862,0.19131487607955933,22.047797828126704
429.7352957504862,0.1920296996831894,21.09225225493317
429.7352957504862,0.19491170346736908,20.091791898274046
429.7352957504862,0.1843385100364685,19.051176730685974
429.7352957504862,0.1832592636346817,17.979451497685375
429.7352957504862,0.157308429479599,16.8874528914015
429.7352957504862,0.1598443239927292,15.78521055726664
429.7352957504862,0.16586236655712128,14.68069568277979
429.7352957504862,0.17087890207767487,13.57988334926956
429.7352957504862,0.18080037832260132,12.48737383345399
429.7352957504862,0.17028629779815674,11.406931122089558
429.7352957504862,0.16969722509384155,10.341705361329026
429.7352957504862,0.17338499426841736,9.294220676297076
429.7352957504862,0.17959903180599213,8.266310742658874
429.7352957504862,0.17493467032909393,7.259129780121629
429.7352957504862,0.17092913389205933,6.273271817235205
429.7352957504862,0.17672094702720642,5.308971816292814
429.7352957504862,0.1884487271308899,4.366347267308566
429.7352957504862,0.18907521665096283,3.445641045048635
429.7352957504862,0.20442138612270355,2.547424284132539
429.7352957504862,0.22485974431037903,1.672714563391441
429.7352957504862,0.24298031628131866,0.8229759920322586
429.7352957504862,0.24102173745632172,0.0
