#"Step","Potential Energy (kJ/mole)","Kinetic Energy (kJ/mole)","Total Energy (kJ/mole)","Temperature (K)"
5,517.1100219284774,5.192539826802656,522.3025617552801,25.49054096066807
10,517.2531547271197,6.5009999776529535,523.7541547047728,31.91386330063152
15,517.6096670895397,10.199252471226195,527.8089195607658,50.068843293990426
20,518.2370818121364,13.27380905895333,531.5108908710897,65.16205649012466
25,519.473681932408,18.427934606020436,537.9016165384285,90.46401906646929
30,521.5934253892768,23.616537435028246,545.2099628243051,115.93523302977209
35,524.4128829841028,25.499028113706167,549.9119110978089,125.17651135473065
40,528.0225182471247,30.20534662473758,558.2278648718623,148.28015789012312
45,531.7243483096419,27.97946479515803,559.7038131047999,137.3531484028523
50,535.3249070049853,27.329839261601986,562.6547462665873,134.16409125075668
55,538.7192234395279,23.890539962193827,562.6097634017217,117.28033058800143
60,541.5431677241119,24.79945265337083,566.3426203774827,121.74224652064913
65,543.8723537702652,22.645774021268902,566.5181277915342,111.1696875766932
70,544.963347902867,15.507397888226896,560.4707457910939,76.12690017760137
75,544.8106169978071,18.719816977781377,563.5304339755885,91.89689003159206
80,543.7375939339162,24.118899635404897,567.8564935693211,118.40136418579975
85,542.6763254949415,28.296345274037314,570.9726707689788,138.90873682314992
90,542.1042331797169,34.773178530037846,576.8774117097547,170.7039639979714
95,541.0091543152092,38.897394357879456,579.9065486730887,190.9500277734641
100,539.7974239663996,46.15798542118661,585.9554093875862,226.59277680787133
105,538.9943395567618,52.63701852001349,591.6313580767753,258.3988031648932
110,539.5629078942109,52.83244083903218,592.395348733243,259.3581449886884
115,541.4188246934556,55.22222903827907,596.6410537317347,271.0897823014703
120,544.355570132864,52.7540329209261,597.1096030537901,258.9732350381076
125,547.4406067965785,45.584119843191466,593.02472663977,223.7756305731336
130,550.6727660358465,50.604518375449175,601.2772844112957,248.42111788645732
135,554.0918374659481,44.19326221803881,598.2850996839869,216.94781327235768
140,556.8016197844524,40.310280892682655,597.111900677135,197.8859865315029
145,557.9363439869884,40.19841077433592,598.1347547613243,197.33680830098209
150,558.0260973348951,38.32341159476897,596.3495089296641,188.1323062688041
155,557.1261078301317,41.502269583540944,598.6283774136726,203.7375423331819
160,555.8932244399433,45.094294017651286,600.9875184575945,221.37104135745238
165,555.0840713778127,46.54886048100788,601.6329318588206,228.51160979812548
170,554.6986524134178,48.835854254367085,603.5345066677849,239.7386220890456
175,554.3096837126241,45.750946536300745,600.0606302489248,224.59459447054743
180,553.4141617680905,52.610044137178996,606.0242059052695,258.2663840340889
185,553.0867659943632,50.51862144901117,603.6053874433744,247.9994438705044
190,553.505459923837,47.61758646491485,601.1230463887518,233.75806035549863
195,553.8827528470081,49.86531449239979,603.7480673394078,244.79231435530411
200,554.3155026658851,48.62511382569951,602.9406164915846,238.70408259427057
205,555.3909002429448,51.54940829051584,606.9403085334607,253.0596485259344
210,556.0455239260745,52.892767398440796,608.9382913245153,259.6542922855631
215,555.9205744918704,64.58695381164944,620.5075283035198,317.0618707944283
220,554.4606365679849,72.20578549513768,626.6664220631226,354.46324807379676
225,552.8027798325578,84.70987261597388,637.5126524485316,415.8466857672735
230,551.8642674531635,87.71558755089505,639.5798550040586,430.60195047785305
235,552.5490617137089,86.5049664100964,639.0540281238052,424.65892667703594
240,554.7106745021458,82.23059841981863,636.9412729219645,403.67575544072895
245,557.2870349093573,79.46944690501942,636.7564818143767,390.1210696541514
250,559.7854811540426,67.49929717416603,627.2847783282086,331.35876792953826
255,561.8988352979121,63.902005458520726,625.8008407564329,313.6994114520374
260,562.9726558888073,59.34409852239827,622.3167544112055,291.3243277116237
265,562.7450848491684,56.498169375761556,619.24325422493,277.3534626045241
270,560.9516618959846,53.358203723057734,614.3098656190423,261.93915173642193
275,558.7967755772307,55.23595143094618,614.032727008177,271.1571464862482
280,556.4802165341425,58.93464947772064,615.4148660118632,289.31431373141544
285,554.0430026790947,59.053350179498366,613.096352858593,289.8970237734467
290,551.9205439247563,56.55922052197161,608.4797644467279,277.6531669486546
295,550.6943507353574,66.95411632637648,617.6484670617339,328.6824370404002
300,550.7747474430395,75.95017304675649,626.724920489796,372.8447082918741
305,553.3750615014173,75.27603759128012,628.6510990926975,369.5353302198641
310,558.0201803562805,71.77122064177513,629.7914009980557,352.32993883319614
315,565.0719226440492,68.28712959999982,633.359052244049,335.22629237628365
320,572.503627043399,65.23840109435292,637.742028137752,320.2598710404263
325,579.7071334992951,56.999493209649856,636.7066267089449,279.8144963468801
330,584.9346700470296,58.634553588282266,643.5692236353119,287.84112203390134
335,587.5615555894099,58.223978100778645,645.7855336901885,285.8255782671236
340,587.3079430381982,61.05673932019833,648.3646823583965,299.7318010990961
345,584.0946489616125,69.08151291058542,653.1761618721979,339.12597557417297
350,579.2676605680828,77.97591212712646,657.2435726952092,382.7892030335914
355,574.2233963761879,86.66860205462358,660.8919984308114,425.46222549391064
360,570.47500744875,90.86946558434148,661.3444730330915,446.08455819547567
365,567.8263656943947,93.25584728041538,661.0822129748101,457.79947274607173
370,566.9477118261802,98.47038085482686,665.4180926810071,483.3979825510821
375,568.0007386603344,107.26643438328786,675.2671730436223,526.5784241534967
380,571.973710701809,111.21774271224191,683.1914534140509,545.9756729309706
385,578.5448919186555,99.24195808031403,677.7868499989695,487.1857090831114
390,585.6010326418033,91.95983360529459,677.5608662470979,451.43725102545477
395,593.7624015765631,98.76193946855894,692.524341045122,484.829264165411
400,602.618508532251,84.74795281685338,687.3664613491044,416.033624135141
405,610.2481471509054,75.17889275721343,685.4270399081189,369.05843943914977
410,615.8933264345109,69.01946591606054,684.9127923505714,338.8213825410567
415,618.2759821452914,66.08500075884277,684.3609829041342,324.4158879694778
420,617.1776739024954,78.83518071151197,696.0128546140073,387.0074125759496
425,614.0771634803298,89.35035487974714,703.4275183600769,438.6271375630189
430,610.8825409383802,98.82828795729294,709.7108288956731,485.1549735342679
435,608.1877148294916,97.73791351618065,705.9256283456723,479.8022491872787
440,605.6341807327419,109.30408748648972,714.9382682192316,536.5814056660683
445,605.6359607978218,108.7185665356649,714.3545273334867,533.7070423914164
450,607.5631156233104,105.82932066955479,713.3924362928652,519.523532480647
455,611.2984182865758,100.03484275169357,711.3332610382694,491.07803535638556
460,614.6217752743356,91.95443116571019,706.5762064400458,451.4107300719124
465,616.9607234891807,102.82573161773409,719.7864551069148,504.77870387880375
470,618.7230817952204,99.03070829431799,717.7537900895384,486.1486691176076
475,619.3173412863192,104.2670124516902,723.5843537380094,511.85405223610405
480,619.2304203030384,86.99373794349134,706.2241582465297,427.05834029888274
485,616.7801898522627,86.32520988262554,703.1053997348882,423.7764893189647
490,611.8750340801796,84.73272530599156,696.6077593861712,415.95887121993974
495,607.5680784000632,95.64499794534362,703.2130763454068,469.52798035832063
500,602.9564387399222,100.45894654435509,703.4153852842772,493.15999051879203
505,599.3905287929338,95.36105890690523,694.751587699839,468.13410377170555
510,597.9741424002668,101.37178410161006,699.3459265018769,497.6411738933588
515,597.9502912152933,95.33888102658872,693.289172241882,468.02523100703064
520,599.0084963307846,98.18876388706141,697.1972602178461,482.01550517170983
525,600.7327832513703,101.1259908917448,701.858774143115,496.4345578455466
530,603.58332010905,99.64424905093696,703.227569159987,489.16058357744635
535,607.7402871168521,98.2524746851993,705.9927618020514,482.32826593305975
540,611.6657437760566,94.61610220201446,706.281845978071,464.4770592360192
545,612.6697511169594,93.69260069325556,706.362351810215,459.9435257781251
550,610.4043869315421,93.7576484730646,704.1620354046067,460.2628498759518
555,605.6757511913661,92.65032886335032,698.3260800547164,454.82694051185297
560,599.8607659604154,97.45507480895056,697.315840769366,478.4137742034766
565,592.5187365386117,103.31852468893538,695.8372612275471,507.1978595108415
570,585.7817528941902,106.01560864434953,691.7973615385397,520.4380331701697
575,581.0368525752851,119.88137202334029,700.9182245986254,588.506034794094
580,578.8658417263093,120.93266871821659,699.798510444526,593.666923753334
585,578.2511425846822,131.73750639829802,709.9886489829802,646.7086271671099
590,579.7959957558197,129.4824150421629,709.2784107979826,635.6382260722747
595,583.0484000441079,121.43726944825822,704.4856694923661,596.144044007957
600,587.4926840081621,106.52568627698876,694.0183702851508,522.9420399224717
605,591.7599809613134,97.60788272120692,689.3678636825204,479.16391892579134
610,593.9971037569483,91.2545761307558,685.2516798877041,447.975092786484
615,594.4447363203333,95.11111176633663,689.5558480866699,466.90709578771697
620,594.3167441137894,95.95367782898009,690.2704219427694,471.0433114833618
625,593.074742625845,100.34907591225587,693.4238185381009,492.6206279060214
630,591.3932173001674,97.49237903596182,688.8855963361292,478.5969032613855
635,590.119894514309,102.66277206839972,692.7826665827087,503.9787240604886
640,588.720756783627,99.7189514109548,688.4397081945818,489.527302684359
645,587.0129780305359,93.98213201179384,680.9951100423298,461.36485525864265
650,583.995529071048,100.57049188072868,684.5660209517767,493.70757437190485
655,581.2161347672254,99.4277897644917,680.6439245317172,488.09796981010095
660,578.9646876235981,100.17149258376578,679.136180207364,491.74885893365024
665,577.2855014923621,103.8922800740371,681.1777815663992,510.01446480096314
670,576.3178375170339,99.6721286435058,675.9899661605398,489.2974464461093
675,575.5173518634072,92.96183573140932,668.4791875948165,456.3561495010263
680,575.5546149033773,81.83482374339712,657.3894386467745,401.73286989010825
685,575.2530353211517,78.2683742116776,653.5214095328294,384.2249198493223
690,574.3474099142269,68.20512449518142,642.5525344094083,334.823723584694
695,572.523086005483,72.59343307650077,645.1165190819838,356.3662371467038
700,570.7217012042925,73.06326259315868,643.7849637974512,358.6726630843694
705,569.6528685518828,78.56242835084853,648.2152969027313,385.66845217246413
710,570.2175363027121,83.09401849020388,653.311554792916,407.9143449180427
715,573.04855593829,79.3560175260004,652.4045734642904,389.5642369040003
720,577.1932326696526,76.8588844220283,654.0521170916809,377.30563595067144
725,579.9787801960684,75.5195585376015,655.4983387336699,370.7307915671116
730,582.98266035019,76.1945449179149,659.1772052681049,374.0443468886249
735,585.3843300697425,73.91289231234416,659.2972223820867,362.84355476371815
740,586.6241171113461,85.64207219028584,672.2661893016319,420.4229186369496
745,587.7738146359211,84.35779793903404,672.1316125749552,414.118326568674
750,587.5482182137927,82.88877945304424,670.4369976668369,406.90681213871926
755,588.0772756612146,87.3572254854701,675.4345011466846,428.8427260497008
760,588.2708776803892,78.00928775583738,666.2801654362265,382.95304632784064
765,588.5917697628616,71.70703478975305,660.2988045526147,352.01484599912317
770,589.9668218657163,72.45429546641884,662.421117332135,355.68320089329734
775,591.5155434511859,74.68576723267316,666.201310683859,366.63765177043297
780,593.4161723232908,66.89471651616935,660.3108888394602,328.39083922013407
785,595.6990482982442,75.19631350123262,670.8953617994769,369.1439590892243
790,599.8028383911761,81.21376594593201,681.0166043371081,398.68405375132573
795,603.982587604696,76.2106967763483,680.1932843810444,374.12363749066566
800,607.791906247566,79.8132664539075,687.6051727014735,391.80890385212354
805,610.8725579302969,80.48430188675084,691.3568598170477,395.10306369634094
810,613.0757823184177,86.34516257968174,699.4209448980995,423.8744385034778
815,613.9056820212603,87.01315889611898,700.9188409173793,427.15367911282783
820,614.550690747155,83.7199062846021,698.2705970317571,410.9868718493795
825,615.6696036923191,84.51455363340965,700.1841573257287,414.8878512293562
830,616.96959755934,86.53399365800105,703.503591217341,424.8014234659618
835,618.3682188808593,85.07244164155847,703.4406605224178,417.6265624569097
840,620.0630268626709,85.40040225183586,705.4634291145068,419.2365440167255
845,621.0260852085853,94.41045701099962,715.4365422195849,463.4675326190311
850,620.6065417072945,91.7505194843058,712.3570611916002,450.4097133747717
855,619.3981867109202,99.67192776460334,719.0701144755235,489.29646031753595
860,616.9642396131725,91.3392884176638,708.3035280308363,448.3909513241796
865,613.503084554187,93.43808867957958,706.9411732337666,458.6941085129744
870,609.5575301956642,95.47168028202732,705.0292104776915,468.6771518344513
875,606.2524515700512,104.31578946394283,710.568241033994,512.0935019986936
880,604.3457339466277,118.06515067698601,722.4108846236137,579.5900772536411
885,603.9613410025794,101.56710765404156,705.528448656621,498.60003086507396
890,603.5427751367921,100.34917282635494,703.891947963147,492.6211036641079
895,603.7523209377665,90.72463625549003,694.4769571932566,445.37358089678685
900,604.7200676482612,89.65309832927099,694.3731659775322,440.11332631805317
905,604.7692885682314,89.97335889544138,694.7426474636728,441.68550782312593
910,604.1607189993051,88.92202432331776,693.0827433226228,436.5244329218314
915,603.0264945726461,97.68415100445915,700.7106455771053,479.53832525931733
920,601.279789466436,100.65605255859137,701.9358420250273,494.12759772009827
925,599.6791619670438,115.11825735119417,714.797419318238,565.1235719338215
930,599.3600637812378,110.87845350232962,710.2385172835675,544.3100784836945
935,599.7576625175791,116.95293390366844,716.7105964212475,574.1301273711091
940,601.250656710918,110.90391503615565,712.1545717470736,544.4350709329702
945,603.8611255089618,107.28040878686095,711.1415342958227,526.6470254774273
950,608.0863036900093,93.00016527231402,701.0864689623234,456.54431189650603
955,613.223067721577,90.11302763827642,703.3360953598534,442.3711514443428
960,617.3794528766659,81.90184242626226,699.2812953029282,402.06186928880055
965,619.833757095904,88.30219849212511,708.1359555880292,433.4816645915931
970,621.3080838653075,93.69928253723116,715.0073664025387,459.9763274172524
975,619.6692552258785,96.81523167871856,716.484486904597,475.27273955307436
980,616.584040815265,100.5593567150839,717.1433975303489,493.6529110654229
985,612.6903084740092,91.96945461953102,704.6597630935402,451.48448125683615
990,607.4158856726763,95.14831410715706,702.5641997798333,467.08972467919335
995,602.060700404077,96.00023302973563,698.0609334338126,471.27185421801073
1000,597.7143140228516,98.30447903572752,696.0187930585791,482.5835589248304
1005,595.0100648172623,97.94479915996044,692.9548639772228,480.8178652735957
1010,594.2313643541765,110.05178612311981,704.2831504772963,540.2519105363202
1015,595.2882528111367,105.57731648830165,700.8655692994383,518.2864263401538
1020,598.0709950002635,102.02982178910842,700.1008167893718,500.8715268971544
1025,603.1657927747602,100.87149978108326,704.0372925558435,495.18524319475483
1030,610.1587019932063,102.06438262146149,712.2230846146678,501.04118843892695
1035,618.1337183531118,92.27955575993317,710.413274113045,453.0067894306838
1040,626.5302408662295,85.7018489995065,712.232089865736,420.71636717172476
1045,633.3443752604958,78.73023258030814,712.0746078408039,386.49221486415007
1050,635.519800389805,74.2214516493705,709.7412520391755,364.3582941170241
1055,631.925929992509,70.98665878904715,702.9125887815562,348.4784698584354
1060,623.6296297670068,86.61759553189349,710.2472252989003,425.2118309085477
1065,611.1529859076828,95.35530369795089,706.5082896056338,468.10585104866806
1070,597.3245699258027,106.46097044620012,703.7855403720029,522.6243453855889
1075,584.3577031735838,114.84541206977744,699.2031152433613,563.7841553758631
1080,575.2238359201629,107.9505454658403,683.1743813860031,529.9367732761048
1085,568.8869641756976,118.74256569570596,687.6295298714035,582.9155549308505
1090,565.4202325910032,124.34376287151287,689.763995462516,610.4122233823279
1095,564.8339725151985,125.68060644566079,690.5145789608594,616.9748819312188
1100,567.0255735529091,123.11709408933801,690.1426676422471,604.3904205882884
1105,571.954129396109,117.50632949019912,689.4604588863082,576.8467849869255
1110,578.6592043405235,108.86027999508393,687.5194843356074,534.4027236692668
1115,584.8819471386415,107.37619069091997,692.2581378295615,527.1172255394672
1120,590.4887910399261,100.47734457245171,690.9661356123778,493.2503077247135
1125,595.4070290386436,102.14326495007245,697.550293988716,501.4284273038369
1130,596.6261419786823,104.1136916698698,700.7398336485521,511.10138980125055
1135,595.7135814787099,115.99098856901642,711.7045700477263,569.4078704847389
1140,593.7887047600617,138.71054644267005,732.4992512027318,680.9397681501715
1145,591.7046052095448,135.57838944798678,727.2829946575315,665.5637905301058
1150,589.5759025506765,142.0668478168554,731.6427503675318,697.416086196575
1155,588.5587526724785,144.50816869193758,733.0669213644161,709.4007010170907
1160,589.3080531546005,142.9692725284909,732.2773256830915,701.8461521841533
1165,592.502105535016,148.97164156275056,741.4737470977666,731.3122013300979
1170,597.9068127470167,136.7070025533426,734.6138153003593,671.1042311526929
1175,604.8436394560114,129.98517664510496,734.8288161011163,638.1063179234137
1180,612.0332787504749,123.6759956741122,735.7092744245871,607.1341075343435
1185,618.9890553301142,125.68037635901432,744.6694316891285,616.9737524197886
1190,624.6904093015696,116.78600162956795,741.4764109311376,573.3106451692295
1195,628.7275759542277,100.26018998668948,728.9877659409173,492.1842806844206
1200,630.7639008128539,88.0439590495566,718.8078598624105,432.21394911746717
1205,629.5287071269831,87.57697245688492,717.1056795838681,429.92147929236614
1210,626.4623938994171,87.59938365788697,714.061777557304,430.03149744459523
1215,620.7617016665822,84.86530090495214,705.6270025715344,416.60969410207645
1220,613.6149758401461,91.15652412250179,704.7714999626479,447.493748624274
1225,606.4166505154158,106.13325099127773,712.5499015066935,521.0155476742672
1230,599.9117971730881,105.58614430874565,705.4979414818338,518.3297627277651
1235,595.2611506902737,102.18998093384427,697.4511316241179,501.65775933355127
1240,591.7070119395963,101.8530585308188,693.5600704704151,500.00378370671893
1245,590.5130823410316,99.98927907855165,690.5023614195832,490.85436010009806
1250,590.6768033366678,100.45827476415394,691.1350781008218,493.15669270282814
1255,591.7363057847676,100.74818125311829,692.484487037886,494.57986392119113
1260,593.286821888004,87.59199836151272,680.8788202495168,429.9952425084727
1265,595.1392309653728,80.35950021581561,675.4987311811884,394.4904035702667
1270,597.5422556351293,80.05807548130254,677.6003311164319,393.0106884793966
1275,598.7259425353153,80.69226808361815,679.4182106189335,396.1239842932937
1280,598.7262169387163,88.2154885517293,686.9417054904457,433.05599943329275
1285,598.5030128849559,88.57357566854242,687.0765885534983,434.81387411949095
1290,597.0851712311425,89.52492746167123,686.6100986928137,439.4841265700509
1295,596.0030108397511,89.37240943830392,685.3754202780551,438.7354049325553
1300,595.5441774411162,89.66703379648804,685.2112112376042,440.1817365006903
1305,594.9489664824486,85.99349998984714,680.9424664722957,422.1481022692821
1310,594.7581298709831,80.9073793780797,675.6655092490628,397.17998067376845
1315,595.360239088968,83.25142745668663,678.6116665456547,408.6870765371616
1320,596.134767615133,83.7051966824825,679.8399642976156,410.9146613843948
1325,596.9633694791519,89.79504087632016,686.758410355472,440.81013220309273
1330,597.0844187361214,89.97321541674438,687.0576341528658,441.68480347617344
1335,597.1310763212997,95.23548550855294,692.3665618298527,467.51765518179843
1340,597.3837144788257,88.39188925328456,685.7756037321103,433.92196280737704
1345,597.5299123282914,89.05363934962163,686.5835516779131,437.17054028565383
1350,597.6092201121064,91.54773453129829,689.1569546434047,449.414227866088
1355,598.3113046803284,88.83775344676017,687.1490581270886,436.11074129839994
1360,598.2236305716098,78.18246123557789,676.4060918071876,383.80316704445823
1365,597.5975236782164,83.21480207784298,680.8123257560593,408.50727999235806
1370,595.1399647559089,91.11019313965613,686.250157895565,447.26630659101716
1375,592.4362873751006,91.29756260510224,683.7338499802029,448.18611639374205
1380,588.9843258821893,92.28485564209036,681.2691815242797,453.03280692264735
1385,584.2176128080907,90.77488353468927,674.99249634278,445.6202483025868
1390,580.1015647927927,91.6575179308598,671.7590827236525,449.9531622482336
1395,576.606242712724,85.12654507780658,661.7327877905306,417.8921600072022
1400,574.5910027420781,83.95418145033297,658.545184192411,412.1369450134417
1405,573.0241464090253,82.23957147774472,655.26371788677,403.7198048092917
1410,572.5135736706504,86.49363075548871,659.0072044261392,424.6032791562212
1415,573.1533563850707,83.82791552723347,656.9812719123041,411.517096771144
1420,574.7737811145975,88.12305081215584,662.8968319267533,432.60221610846463
1425,578.2052436122182,85.19853040250554,663.4037740147237,418.2455409978177
1430,581.8253077716314,79.32197463549996,661.1472824071313,389.3971179749857
1435,585.1575763274967,74.71453560426531,659.872111931762,366.7788777174457
1440,588.0287895722954,77.21434763786894,665.2431372101644,379.050629723589
1445,589.7363865557578,81.31566245107167,671.0520490068295,399.1842708174721
1450,589.6771149140999,74.62093054757318,664.298045461673,366.3193639512883
1455,587.9038939713121,82.53732838958797,670.4412223609,405.18151430230023
1460,585.5581093001836,77.09180159092486,662.6499108911084,378.4490426133521
1465,583.8774156029557,74.61912659339457,658.4965421963502,366.31050821413174
1470,581.9696368069438,78.73894140347616,660.7085782104199,386.53496708581577
1475,579.7338646756695,81.92608240083922,661.6599470765086,402.1808650183374
1480,578.6153522905267,85.02814522099858,663.6434975115253,417.4091082321265
1485,578.2414405852948,85.87351420170165,664.1149547869963,421.55908364844584
1490,578.3049665670501,89.898373671573,668.2033402386231,441.31740011779925
1495,579.9051899112741,84.24845946350663,664.1536493747807,413.5815763497114
1500,581.8631837692751,82.42507917611657,664.2882629453917,404.63047506731425
1505,584.4217754344875,77.85261074450722,662.2743861789947,382.1839079277283
1510,586.1212068716297,72.8351318805049,658.9563387521347,357.5527534699508
1515,587.272280430898,76.36057498943138,663.6328554203294,374.85940011495705
1520,587.0572154117441,81.2027393798277,668.2599547915718,398.62992356757894
1525,585.3379722809943,77.08105457276156,662.4190268537559,378.3962847499877
1530,581.9560072557306,84.82643292751844,666.782440183249,416.41888848404
1535,577.0848976212263,99.45561672510108,676.5405143463274,488.23457430479596
1540,571.6843929791122,104.3605150501611,676.0449080292733,512.3130630276917
1545,566.2099870712703,110.24476024155541,676.4547473128257,541.1992339723274
1550,562.3711304860634,120.93118637316195,683.3023168592254,593.659646817847
1555,560.8084297931663,131.15083648851535,691.9592662816816,643.8286235726232
1560,561.9769629503093,113.95180187613525,675.9287648264445,559.3973604732357
1565,565.4353582185336,107.24773150177317,672.6830897203067,526.4866104008372
1570,571.0683555510157,100.39964348340531,671.4679990344209,492.86886764739285
1575,577.3630365966953,92.03276917499677,669.3958057716922,451.7952968352118
1580,584.1921462166514,89.1505233838394,673.3426696004908,437.64615078168026
1585,591.4149943314502,75.429714530272,666.8447088617222,370.28974105516716
1590,596.4565195590212,68.34546626983256,664.8019858288537,335.51267116614
1595,598.858058012999,64.66669273064572,663.5247507436447,317.4533147214142
1600,599.2060156705802,71.49545690908667,670.7014725796669,350.97619539394935
1605,596.8574083960054,69.25083643146249,666.108244827468,339.9571965736235
1610,592.1566654017548,73.97012631956184,666.1267917213166,363.12452050572267
1615,586.7906143819341,73.19483836492755,659.9854527468617,359.3185777449356
1620,581.2575132800283,74.11141320842484,655.3689264884531,363.8181077188967
1625,575.1629363980317,83.70358531672315,658.8665217147548,410.90675107725
1630,569.5185839834114,92.57765178701045,662.0962357704219,454.47016366407985
1635,565.284724688268,106.34489156048117,671.6296162487492,522.0545060218512
1640,563.0322361458166,120.90151886324406,683.9337550090606,593.5140069379448
1645,564.574573566468,114.78195347648197,679.3565270429499,563.4726327057133
1650,569.2868731200342,111.76945879302815,681.0563319130624,548.6840857356925
1655,576.5098315287704,101.69089756227424,678.2007290910446,499.2077241773207
1660,585.5175267784277,90.3588543548266,675.8763811332543,443.57793197881347
1665,594.5834862255631,83.68184033049057,678.2653265560537,410.8000034198918
1670,603.3018701741548,66.77361167003251,670.0754818441874,327.79632706539775
1675,610.7652941387023,56.728524118080685,667.493818256783,278.4842901360263
1680,614.9904416176007,47.14530574965477,662.1357473672555,231.43960131255977
1685,615.6149787461254,44.44636175026364,660.0613404963891,218.19029656733426
1690,613.003113832434,49.95165534211078,662.9547691745448,245.21616762163373
1695,607.98301651239,56.070644278850274,664.0536607912403,275.2547120204114
1700,601.9867398465386,75.63591165947987,677.6226515060185,371.30197717532457
1705,596.0611890887071,86.52720701984813,682.5883961085552,424.7681073848931
1710,591.1964331906823,89.16495189026082,680.3613850809431,437.7169813282344
1715,587.2508414601011,80.01728250333565,667.2681239634368,392.810432899188
1720,584.7949692193488,76.25608955514448,661.0510587744933,374.34647381466453
1725,582.5814464655161,70.2496522863311,652.8310987518472,344.8604534209322
1730,580.6505213801668,72.55614080541892,653.2066621855856,356.18316678128804
1735,579.5538635667602,74.40278082523827,653.9566443919985,365.24845171600157
1740,579.085025486421,69.26749471462179,648.3525202010428,340.038973250042
1745,580.0778768942831,68.27945497359893,648.3573318678821,335.18861709883663
1750,580.7370099065861,65.58562434799614,646.3226342545822,321.96441426295536
1755,581.7375335747168,60.516753463610904,642.2542870383278,297.08097278489157
1760,583.0471334510969,63.483547541134996,646.5306809922319,311.6451722859981
1765,584.2840583342522,63.59618610869107,647.8802444429433,312.19812288740104
1770,583.736013527035,68.71960466860745,652.4556181956424,337.34934271744953
1775,581.7915622454581,69.08047674794491,650.872038993403,339.12088897934444
1780,579.2228220022515,73.47381143568873,652.6966334379402,360.68807604910944
1785,576.7349278186857,71.44343582930613,648.1783636479919,350.72082027710974
1790,574.1281375523882,70.87708308161177,645.005220634,347.9405550514544
1795,571.4562637802186,69.79736801548155,641.2536317957001,342.6401583213267
1800,569.1659246068797,76.40152036322563,645.5674449701053,375.06040381693435
1805,567.7247353890635,78.17991711792712,645.9046525069907,383.7906777930805
1810,566.9184862721678,76.99273492721647,643.9112211993843,377.96271743659355
1815,567.4634420392808,74.65870631020493,642.1221483494858,366.5048078105178
1820,568.9576714605731,77.35329305716502,646.3109645177382,379.7327224989938
1825,571.9972499858364,77.48550315936072,649.4827531451972,380.38175113196405
1830,575.200566854962,78.80370555708359,654.0042724120456,386.8528988427937
1835,579.011191005806,80.18829251772762,659.1994835235337,393.6499330131866
1840,582.7302707876363,75.75966066243457,658.4899314500709,371.9094696807024
1845,585.5032227832749,69.71373996885244,655.2169627521273,342.2296223949469
1850,586.2238574731717,65.64766287809212,651.8715203512638,322.26896574359847
1855,585.7771861858936,62.80769237060346,648.5848785564971,308.3273520125768
1860,582.9714968496206,70.136191665791,653.1076885154116,344.3034673039704
1865,577.95851617847,79.32692783134844,657.2854440098184,389.42143355962696
1870,572.1072803665938,88.53663810500302,660.6439184715969,434.6325450381947
1875,566.9752614862002,89.63437088443854,656.6096323706388,440.02139198234977
1880,562.3324679258653,91.35376674795117,653.6862346738164,448.4620264595743
1885,558.7350647260803,96.32332973110327,655.0583944571836,472.85795850900854
1890,557.7119897773237,101.81185351614305,659.5238432934667,499.8015054095058
1895,559.6987189721502,90.8918177982662,650.5905367704164,446.19428677601894
1900,564.1183277580392,88.46974591206211,652.5880736701013,434.3041665873819
1905,569.4753318013286,79.969429461281,649.4447612626096,392.5755189708845
1910,575.2994093160912,73.06123560149815,648.3606449175894,358.6627124406241
1915,579.7395579201881,64.98449768898425,644.7240556091723,319.013441475997
1920,583.5319099119719,68.34954211327704,651.8814520252489,335.5326797665044
1925,585.0959843927967,67.00722114083352,652.1032055336302,328.9431322865182
1930,582.861447000165,67.77994284100743,650.6413898411724,332.7364771247818
1935,577.961707840049,67.34147385246031,645.3031816925094,330.58400221166687
1940,572.3887403100183,73.77498385219111,646.1637241622094,362.1665524932284
1945,566.8054866900701,92.0068277471275,658.8123144371976,451.66794855253386
1950,562.513516394635,84.12456190566526,646.6380783003002,412.973354578011
1955,559.0048010050059,99.84762446511922,658.8524254701251,490.1589677013093
1960,557.5145752529853,98.1846681240115,655.6992433769968,481.99539878461
1965,559.1536889142191,106.05297638219133,665.2066652964104,520.6214740071849
1970,563.8059618316796,102.06705246853204,665.8730143002117,501.0542949048147
1975,570.135080406473,100.7667597835757,670.9018401900487,494.6710672258185
1980,577.0237669104652,85.36849536770814,662.3922622781733,419.07991089229824
1985,584.4111441026961,76.19494688621589,660.606090988912,374.0463201791115
1990,591.6790379748982,73.7368019464287,665.4158399213269,361.9791148489817
1995,597.4342115461975,73.7285352107932,671.1627467569907,361.93853286591434
2000,601.8482731662464,70.75833959191603,672.6066127581624,347.3576349605427
