Epsilon(kCal/mol) T(Kelvin) Cv(kCal/mol*Kelvin)
2.0 102.21 0.2061
2.0 104.41 0.1949
2.0 106.72 0.1836
2.0 109.02 0.173
2.0 111.43 0.1629
2.0 113.84 0.1537
2.0 116.35 0.1454
2.0 118.86 0.1382
2.0 121.49 0.132
2.0 124.11 0.1269
2.0 126.85 0.123
2.0 129.59 0.1201
2.0 132.45 0.1184
2.0 135.31 0.1176
2.0 138.3 0.1179
2.0 141.28 0.1191
2.0 144.4 0.1213
2.0 147.52 0.1242
2.0 150.78 0.128
2.0 154.03 0.1323
2.0 157.43 0.1373
2.0 160.83 0.1425
2.0 164.38 0.148
2.0 167.93 0.1535
2.0 171.64 0.1588
2.0 175.34 0.1637
2.0 179.21 0.1681
2.0 183.09 0.1716
2.0 187.13 0.1742
2.0 191.17 0.1758
2.0 195.39 0.1762
2.0 199.61 0.1756
2.0 204.01 0.1739
2.0 208.42 0.1713
2.0 213.02 0.1679
2.0 217.62 0.164
2.0 222.42 0.1596
2.0 227.23 0.155
2.0 232.24 0.1503
2.0 237.26 0.1458
2.0 242.49 0.1415
2.0 247.73 0.1377
2.0 253.2 0.1342
2.0 258.67 0.1314
2.0 264.38 0.129
2.0 270.09 0.1273
2.0 276.05 0.1261
2.0 282.01 0.1254
2.0 288.23 0.1252
2.0 294.46 0.1254
2.0 300.96 0.126
2.0 307.46 0.1268
2.0 314.24 0.1279
2.0 321.03 0.1289
2.0 328.12 0.1299
2.0 335.2 0.1308
2.0 342.6 0.1314
2.0 350.0 0.1316
2.25 102.21 1.9805
2.25 104.41 2.0264
2.25 106.72 1.9483
2.25 109.02 1.7436
2.25 111.43 1.4456
2.25 113.84 1.1353
2.25 116.35 0.8553
2.25 118.86 0.6409
2.25 121.49 0.4819
2.25 124.11 0.3739
2.25 126.85 0.299
2.25 129.59 0.2498
2.25 132.45 0.2162
2.25 135.31 0.1943
2.25 138.3 0.1794
2.25 141.28 0.1699
2.25 144.4 0.1635
2.25 147.52 0.1596
2.25 150.78 0.1572
2.25 154.03 0.1558
2.25 157.43 0.155
2.25 160.83 0.1545
2.25 164.38 0.1541
2.25 167.93 0.1535
2.25 171.64 0.1527
2.25 175.34 0.1515
2.25 179.21 0.1499
2.25 183.09 0.1479
2.25 187.13 0.1454
2.25 191.17 0.1425
2.25 195.39 0.1392
2.25 199.61 0.1356
2.25 204.01 0.1317
2.25 208.42 0.1277
2.25 213.02 0.1235
2.25 217.62 0.1193
2.25 222.42 0.1151
2.25 227.23 0.1111
2.25 232.24 0.1072
2.25 237.26 0.1036
2.25 242.49 0.1002
2.25 247.73 0.0972
2.25 253.2 0.0944
2.25 258.67 0.092
2.25 264.38 0.0899
2.25 270.09 0.0882
2.25 276.05 0.0868
2.25 282.01 0.0858
2.25 288.23 0.085
2.25 294.46 0.0845
2.25 300.96 0.0841
2.25 307.46 0.0839
2.25 314.24 0.0838
2.25 321.03 0.0837
2.25 328.12 0.0835
2.25 335.2 0.0833
2.25 342.6 0.0829
2.25 350.0 0.0823
2.5 102.21 0.2551
2.5 104.41 0.2625
2.5 106.72 0.2648
2.5 109.02 0.2622
2.5 111.43 0.2551
2.5 113.84 0.2448
2.5 116.35 0.2319
2.5 118.86 0.2179
2.5 121.49 0.2034
2.5 124.11 0.1897
2.5 126.85 0.1766
2.5 129.59 0.1651
2.5 132.45 0.1549
2.5 135.31 0.1463
2.5 138.3 0.139
2.5 141.28 0.133
2.5 144.4 0.128
2.5 147.52 0.1241
2.5 150.78 0.1209
2.5 154.03 0.1183
2.5 157.43 0.1162
2.5 160.83 0.1145
2.5 164.38 0.1131
2.5 167.93 0.1119
2.5 171.64 0.1108
2.5 175.34 0.1098
2.5 179.21 0.1089
2.5 183.09 0.108
2.5 187.13 0.1071
2.5 191.17 0.1062
2.5 195.39 0.1054
2.5 199.61 0.1045
2.5 204.01 0.1037
2.5 208.42 0.103
2.5 213.02 0.1022
2.5 217.62 0.1016
2.5 222.42 0.101
2.5 227.23 0.1004
2.5 232.24 0.0999
2.5 237.26 0.0994
2.5 242.49 0.099
2.5 247.73 0.0986
2.5 253.2 0.0981
2.5 258.67 0.0976
2.5 264.38 0.0969
2.5 270.09 0.0962
2.5 276.05 0.0954
2.5 282.01 0.0944
2.5 288.23 0.0931
2.5 294.46 0.0917
2.5 300.96 0.0901
2.5 307.46 0.0883
2.5 314.24 0.0862
2.5 321.03 0.084
2.5 328.12 0.0816
2.5 335.2 0.079
2.5 342.6 0.0763
2.5 350.0 0.0735
2.75 102.21 0.245
2.75 104.41 0.2654
2.75 106.72 0.2813
2.75 109.02 0.291
2.75 111.43 0.2941
2.75 113.84 0.2907
2.75 116.35 0.2815
2.75 118.86 0.2679
2.75 121.49 0.251
2.75 124.11 0.233
2.75 126.85 0.2143
2.75 129.59 0.1967
2.75 132.45 0.18
2.75 135.31 0.1655
2.75 138.3 0.1526
2.75 141.28 0.1418
2.75 144.4 0.1326
2.75 147.52 0.1251
2.75 150.78 0.1189
2.75 154.03 0.114
2.75 157.43 0.1101
2.75 160.83 0.1072
2.75 164.38 0.105
2.75 167.93 0.1035
2.75 171.64 0.1025
2.75 175.34 0.102
2.75 179.21 0.1019
2.75 183.09 0.1022
2.75 187.13 0.1028
2.75 191.17 0.1037
2.75 195.39 0.1048
2.75 199.61 0.106
2.75 204.01 0.1074
2.75 208.42 0.109
2.75 213.02 0.1106
2.75 217.62 0.1122
2.75 222.42 0.114
2.75 227.23 0.1157
2.75 232.24 0.1174
2.75 237.26 0.1191
2.75 242.49 0.1208
2.75 247.73 0.1225
2.75 253.2 0.124
2.75 258.67 0.1255
2.75 264.38 0.1268
2.75 270.09 0.1279
2.75 276.05 0.1288
2.75 282.01 0.1294
2.75 288.23 0.1297
2.75 294.46 0.1296
2.75 300.96 0.1291
2.75 307.46 0.1281
2.75 314.24 0.1267
2.75 321.03 0.1248
2.75 328.12 0.1224
2.75 335.2 0.1196
2.75 342.6 0.1164
2.75 350.0 0.1128
