#"Step","Potential Energy (kJ/mole)","Kinetic Energy (kJ/mole)","Total Energy (kJ/mole)","Temperature (K)"
20,-2.7694950293094607,9.592470491469271,6.82297546215981,47.0901081421961
40,-2.5155511350073985,23.54890224960805,21.033351114600652,115.60320717694442
60,-1.9276168191236123,24.90566773574274,22.978050916619125,122.26366378429081
80,-0.8933759328997295,35.482560739347534,34.589184806447804,174.18637084824536
100,0.5624708821295397,40.555912066672185,41.118382948801724,199.09180713387516
120,2.426776667643049,37.41381240818753,39.84058907583058,183.667020282231
140,4.406802293886331,33.91507840245807,38.3218806963444,166.49149049174596
160,6.69673914032337,33.53091888402598,40.22765802434935,164.6056245635777
180,8.76535189367301,35.06382684787609,43.8291787415491,172.13077690612914
200,10.895808993731888,38.870402613600234,49.766211607332124,190.81752341411416
220,13.216121811131387,42.71368028831288,55.92980209944427,209.6844421587332
240,15.29576386845543,48.706480292977496,64.00224416143293,239.10351626953457
260,17.177223897808215,50.36672269524186,67.54394659305008,247.25376227075145
280,18.44570218279777,53.638731475644555,72.08443365844232,263.31628208234775
300,19.948033210643445,54.97956174364902,74.92759495429246,269.89851159004456
320,21.790117998470862,57.83926927712983,79.62938727560069,283.9370157612508
340,23.653963233811524,42.22894148615687,65.8829047199684,207.30482549642028
360,23.143072460965534,44.52301320290858,67.66608566387411,218.56658390619205
380,21.147781019675133,47.397274144146515,68.54505516382164,232.6765317733398
400,18.439472487885446,49.19863086996617,67.63810335785162,241.5195178525732
420,15.947751195140905,52.61480764438805,68.56255883952896,258.2897684239403
440,14.180078822828909,43.96465149579139,58.1447303186203,215.82554725729193
460,13.137174327462864,48.028282524280975,61.16545685174384,235.7741960179772
480,13.35359513276823,39.741486916446775,53.09508204921501,195.0937371442989
500,14.786510547070787,37.85795313910872,52.644463686179506,185.84733817510673
520,16.955321534997402,46.9516101208836,63.906931655881,230.48873593188264
540,19.369750414170657,44.750069961500294,64.11982037567095,219.6812214050521
560,22.51641607020897,46.34377295309556,68.86018902330453,227.50482078828747
580,25.94034510154091,40.49766412645201,66.43800922799292,198.80586392388898
600,28.947323557013107,47.33708393643547,76.28440749344858,232.3810538364793
620,30.86760606157229,55.85814726164819,86.72575332322049,274.2115493097375
640,30.666657134869908,53.189007706447065,83.85566484131698,261.1085566643275
660,30.1529050716956,52.79997435889836,82.95287943059395,259.19876476835236
680,31.29146239650957,65.56043111370897,96.85189351021855,321.84073891486963
700,31.366709322503993,76.5741020775195,107.94081140002349,375.90761951561086
720,31.7805755887575,71.49094799251179,103.27152358126929,350.95406080731664
740,33.51699655751636,70.84104534444313,104.3580419019595,347.7636432807087
760,34.08408206538083,61.08415163755049,95.16823370293132,299.8663700810585
780,32.95132794699344,58.144808827919576,91.09613677491302,285.43693077284274
800,32.63011633970649,61.000326400163516,93.63044273987,299.45486613146505
820,32.6803409341116,58.8324650287537,91.5128059628653,288.8126831288941
840,31.512025044562,61.15081627897618,92.66284132353817,300.19363146557754
860,29.698200355816166,67.42979418029145,97.12799453610762,331.0175728744509
880,26.639033204210783,71.11799417849845,97.75702738270923,349.1232044654023
900,24.442994175247122,74.24647746734087,98.68947164258799,364.4811476067085
920,23.75739632866096,72.53278995514842,96.29018628380938,356.06853582512014
940,24.21821489805659,74.79845960326779,99.01667450132437,367.1908664947129
960,25.655197557461758,68.91892259409697,94.57412015155873,338.3278083457073
980,28.051026398351755,62.550113546191035,90.6011399445428,307.06287955915536
1000,31.353048117252147,62.29690731849345,93.6499554357456,305.81987248864516
1020,36.68002403756704,61.87453551196474,98.55455954953177,303.7464197672279
1040,44.21472689621907,52.04602515928077,96.26075205549984,255.49757544748985
1060,52.37786837305626,38.842495368073216,91.22036374112947,190.68052479514662
1080,55.15728353548265,34.10728170688176,89.2645652423644,167.43502994789
1100,53.39605028200886,41.461726721304565,94.85777700331343,203.5385145885771
1120,47.27896189581385,45.21141854330332,92.49038043911716,221.9460138407102
1140,40.91357289000698,55.39614305804482,96.3097159480518,271.9435383808345
1160,36.630158896728936,54.22559395487432,90.85575285160326,266.1972310137105
1180,33.40893545610292,53.6996858531855,87.10862130928842,263.61551138231755
1200,31.53779478005413,63.12374418638534,94.66153896643947,309.87887246780696
1220,30.26885917720723,72.41578223484531,102.68464141205254,355.4941367474847
1240,30.57668166866805,80.56550852959077,111.14219019825882,395.501712782267
1260,33.11012992703616,83.02945147244915,116.13958139948531,407.59738091474514
1280,37.36321759383684,66.68987062848034,104.05308822231717,327.38523643904256
1300,44.24335803189598,61.298241451458836,105.54159948335482,300.9173519420975
1320,51.49938118951068,59.934676282551145,111.43405747206182,294.2235152167306
1340,56.89418141635865,55.10656439973883,112.00074581609748,270.5219765060882
1360,59.23153068195884,48.549691621667904,107.78122230362675,238.33382972277835
1380,57.787182787021976,36.29038844625899,94.07757123328096,178.1520535274418
1400,53.17108807681139,48.34658512116548,101.51767319797688,237.33676571496642
1420,46.39796005896575,54.75745949061446,101.15541954958022,268.80819610527726
1440,38.89690506149218,61.1452004970351,100.04210555852728,300.16606319949386
1460,31.775593362657183,71.25085789345438,103.02645125611156,349.77544172909916
1480,26.869647795269774,72.16424809803299,99.03389589330276,354.25933808800687
1500,24.82489806020396,76.17496976713971,100.99986782734368,373.9482511051953
1520,24.639968717263354,87.9809344984965,112.62090321575985,431.90455719098975
1540,27.009952121820945,97.16693842451456,124.1768905463355,476.99929255197094
1560,32.22140204748947,84.50118133685875,116.72258338434821,414.822205690884
1580,38.138498095704826,70.04777582078823,108.18627391649306,343.8694277407143
1600,43.85869693776779,60.51173313726457,104.37043007503236,297.05632765194395
1620,46.81334353301288,67.8015685995336,114.61491213254648,332.8426394849955
1640,49.1709037275484,66.8345859522905,116.00548967983889,328.0956540790148
1660,51.644580726208936,55.43781997231781,107.08240069852675,272.14813326615564
1680,53.40490143443159,47.114189718405015,100.51909115283661,231.28685054018993
1700,53.73365497237026,54.43008071422477,108.16373568659503,267.2010708086854
1720,54.550650951774564,42.97550838220173,97.5261593339763,210.96977457303205
1740,54.67215994019364,47.2739822952463,101.94614223543994,232.0712834691698
1760,51.465878263813615,63.3149080103062,114.7807862741198,310.8173090415045
1780,46.04038257552721,62.683305717472955,108.72368829300017,307.7167292379151
1800,44.17782925105935,81.90869694611298,126.08652619717233,402.09551860586856
1820,41.92136088224717,77.12146863096561,119.04282951321278,378.5946801865946
1840,39.090003202848266,84.04255350686762,123.13255670971589,412.570769616047
1860,37.161796781043705,89.2947174365909,126.4565142176346,438.3540094655895
1880,36.65937074086542,76.86710139125023,113.52647213211566,377.345973626936
1900,36.191571072474616,78.48202621493087,114.67359728740549,385.2737524672533
1920,36.96513297167219,69.95532020376483,106.92045317543702,343.4155566542348
1940,38.3859852960814,60.83824558374565,99.22423087982705,298.6592000744592
1960,41.4670698055414,54.27515243050082,95.74222223604221,266.44051703462554
1980,46.19508614750995,46.37550785247531,92.57059399998525,227.66060962756544
2000,49.71309183657517,47.49947335139311,97.21256518796827,233.17823482528755
2020,52.195004144242844,33.58564226905894,85.78064641330178,164.8742654857886
2040,52.72562712076348,39.0549850693599,91.78061219012338,191.72365159148043
2060,50.64639172402993,45.32849608793137,95.97488781196131,222.52075569083743
2080,45.96525391604841,66.95888914372618,112.9241430597746,328.7058671343828
2100,40.213006535410344,61.18564240016883,101.39864893557917,300.3645953288069
2120,34.86148159979162,70.0569950292541,104.91847662904571,343.91468547948233
2140,31.26217868483212,76.92107689422258,108.1832555790547,377.6109431438355
2160,30.151821381991567,79.82593914784205,109.97776052983362,391.8711149924509
2180,29.99183378039955,78.63101676034273,108.62285054074228,386.00515746890005
2200,30.92288730715209,81.75042833727552,112.67331564442762,401.31856694234256
2220,32.98505599381967,83.46299481404097,116.44805080786064,409.7256754826611
2240,36.15390417268556,72.70258356094674,108.85648773363229,356.90206450430725
2260,39.44208374653478,68.93083200532013,108.3729157518549,338.3862724778521
2280,42.741621789305626,77.74445860518638,120.486080394492,381.6529815161269
2300,47.66668994034374,68.33668782105673,116.00337776140046,335.4695771474988
2320,52.321009394062834,54.4575076971084,106.77851709117124,267.33571178476694
2340,55.96514976900841,48.70438504233927,104.66953481134769,239.09323053769657
2360,57.218018642096595,45.92024269202139,103.13826133411798,225.42568113253228
2380,53.65966678661611,61.49441022506541,115.15407701168152,301.88035816364084
2400,48.30136118216447,58.50022276879425,106.80158395095873,287.181682651508
2420,43.125633870559945,56.361208059465774,99.48684193002572,276.6811099294336
2440,38.38668929928044,61.92884706935046,100.3155363686309,304.0130389987323
2460,33.782365639732056,59.480623244289276,93.26298888402133,291.99453711426384
2480,28.682230653422426,62.75861017543829,91.44084082886071,308.08640408573774
2500,23.346376749946174,79.52345524954488,102.86983199949105,390.38620039253067
2520,19.265778155707757,75.63166034233606,94.89743849804381,371.2811071623048
2540,16.364861480369193,82.58580163961986,98.95066311998906,405.41947287491564
2560,14.351055839632469,88.01198990285157,102.36304574248403,432.05701034169584
2580,13.50664738085312,81.96640940082764,95.47305678168077,402.3788330800785
2600,14.563662340434881,72.93284887750406,87.49651121793895,358.032453038494
2620,17.084369110863644,64.10600373662928,81.19037284749292,314.70085325845173
2640,19.974626468563162,68.45680919104626,88.43143565960942,336.0592613490844
2660,22.778977133277724,55.86823477586996,78.64721190914769,274.2610696221546
2680,23.979178481326795,61.38410082704424,85.36327930837103,301.33884161829036
2700,23.582399746272685,61.69603554963544,85.27843529590812,302.87015097526864
2720,22.080869919547073,61.946716980224906,84.02758689977198,304.1007636402955
2740,21.04714763668372,69.11129514538176,90.15844278206548,339.2721786465226
2760,20.64589753396365,61.11632454140473,81.76222207536838,300.02430911491757
2780,20.50186964888416,66.55438898237327,87.05625863125744,326.7201475683352
2800,21.04704004229466,60.78308463252348,81.83012467481814,298.3884111092402
2820,22.294775657158176,59.80127402981695,82.09604968697514,293.5686342334373
2840,24.445833560032483,69.23101773492525,93.67685129495773,339.85990520702444
2860,27.463889163154544,61.933692141510726,89.39758130466527,304.03682379663053
2880,30.747738883429854,54.66437749947991,85.41211638290977,268.3512501045035
2900,33.78180657290452,47.59636995513643,81.37817652804095,233.65390702599353
2920,38.03612462958553,46.66155827299927,84.6976829025848,229.06485113642108
2940,41.784286004681114,32.73609866662847,74.52038467130959,160.7037965596096
2960,41.516017381675375,33.621742674365,75.13776005604038,165.0514848988013
2980,37.71289790620138,36.889317558323825,74.6022154645252,181.09223840283178
3000,32.85406816947638,42.97051617679892,75.82458434627529,210.94526748776184
3020,28.437934956970917,52.13627400599749,80.57420896296841,255.94061334428386
3040,24.196846935863903,61.37993102849069,85.57677796435459,301.3183717857281
3060,21.903187107923355,62.88294293870158,84.78613004662493,308.6967623112745
3080,21.33187900563488,69.64366230727384,90.97554131290872,341.88560625593215
3100,22.221021286587206,65.79404866766993,88.01506995425713,322.98758381678726
3120,23.949452206780354,61.173524949855,85.12297715663536,300.30510991822433
3140,25.7894853346083,60.56480498369747,86.35429031830577,297.31686105572703
3160,27.631691260616904,70.12567311835856,97.75736437897547,344.25183101939353
3180,27.392697161221463,65.63135768667502,93.02405484789648,322.18892241922305
3200,25.63623121738116,66.85707506089093,92.49330627827209,328.20605468508995
3220,24.224764942453263,61.56313462273359,85.78789956518685,302.21773103552823
3240,23.70583428278724,58.41142650854493,82.11726079133217,286.7457756032162
3260,24.161231715790844,57.01124532747321,81.17247704326405,279.8721883147307
3280,24.95682517721789,53.78716151478543,78.74398669200332,264.0449355195317
3300,25.375960532074398,55.4080423522892,80.7840028843636,272.00195284802334
3320,26.046841777448805,60.15590622470215,86.20274800215095,295.3095484663974
3340,26.32806596296686,63.40550539046429,89.73357135343116,311.26205791332416
3360,28.104387069977943,58.06632973324868,86.17071680322663,285.05167141153004
3380,30.359387173514072,52.089908547174815,82.4492957206889,255.71300206604596
3400,32.243675668155134,52.225211260723555,84.46888692887869,256.37721254431733
3420,35.69859555833473,56.51407174318657,92.2126673015213,277.43152843776556
3440,39.86738518010511,61.69959101801146,101.56697619811658,302.88760501804853
3460,42.96190384313356,62.29655684459369,105.25846068772725,305.81815198777366
3480,44.189283735640956,46.120792492437346,90.3100762280783,226.41019412091018
3500,43.403630591480976,49.40873188212763,92.8123624736086,242.55091840702542
3520,40.45828394150855,52.61442794950741,93.07271189101596,258.28790447523113
3540,35.56132644336967,64.69968621137606,100.26101265474574,317.6152820245152
3560,29.894512954784005,54.093590465969065,83.98810342075308,265.54921665982494
3580,25.51120101664614,52.43427588987822,77.94547690652436,257.40352542214754
3600,22.074982959412978,47.08172300573261,69.15670596514559,231.1274691783057
3620,19.288698282130188,51.97735977567313,71.26605805780332,255.16049227975068
3640,16.85348520513786,51.39107270582879,68.24455791096665,252.28236807328125
3660,15.279303067967152,61.45962148781647,76.73892455578363,301.70957782080427
3680,14.571027945663348,60.40228644040085,74.9733143860642,296.5190461668769
3700,14.894338997766805,68.62995267195265,83.52429166971946,336.9092347993285
3720,16.79811623574846,68.23421366073377,85.03232989648222,334.9665243316804
3740,19.610515206830115,61.8265056814179,81.43702088824801,303.51063797185896
3760,22.26860173542206,44.515971438288865,66.78457317371092,218.53201539146488
3780,24.983703332025012,34.802658498527165,59.78636183055218,170.84868322389192
3800,26.523411004833665,34.517593571185174,61.041004576018835,169.44927956995107
3820,26.7948204245758,28.90691224224984,55.70173266682564,141.90605274783795
3840,26.60470568340454,41.02592845175134,67.63063413515587,201.3991504216825
3860,26.22495256742957,48.344028441061965,74.56898100849153,237.3242147936301
3880,25.60417909374786,56.45049308744473,82.05467218119259,277.1194163726743
3900,25.23778943090634,54.799854243703535,80.03764367460988,269.01631491152233
3920,24.454899659299475,67.64628875809697,92.10118841739644,332.08035988955066
3940,24.03095079002351,61.169757680025235,85.20070847004874,300.28661612730343
3960,24.491971374236968,57.24956057608166,81.74153195031863,281.0420945280348
3980,25.496589350150625,55.53264782682571,81.02923717697634,272.6136498322624
4000,27.82414429924703,66.61387488456955,94.43801918381658,327.0121680201939
4020,30.319768596037097,61.61535410565993,91.93512270169703,302.4740801272787
4040,32.22802791050721,60.50473497734309,92.7327628878503,297.0219731957283
4060,34.34798256261569,49.90757450490309,84.25555706751878,244.9997717105955
4080,36.47102978329125,47.45206269076901,83.92309247406027,232.94549257834842
4100,38.32058434480243,43.51854939421827,81.8391337390207,213.635600858789
4120,38.03340890250944,54.39192503917248,92.42533394168191,267.01376193282823
4140,36.42904812833369,56.67293061938293,93.10197874771663,278.2113777650152
4160,35.172258579712036,54.2401014709302,89.41236005064223,266.26844942408286
4180,32.94547627856882,48.269365290900225,81.21484156946904,236.95768817064177
4200,30.91465980377483,53.61424287742849,84.52890268120332,263.1960658419881
4220,28.634593857997537,53.6403468433413,82.27494070133883,263.32421203528287
4240,27.14362250854493,63.86286220164964,91.00648471019457,313.5072544680012
4260,26.420557672876065,81.62896745781755,108.04952513069361,400.72230699514665
4280,28.10058900963154,80.1874273359802,108.28801634561174,393.6456857755136
4300,31.735223628728207,68.95618104019776,100.69140466892597,338.5107126619266
4320,36.51351504994926,74.11745201771494,110.6309670676642,363.8477526558057
4340,40.40392521559068,52.54109555546818,92.94502077105886,257.9279106270661
4360,43.17928979511831,58.21340746233926,101.39269725745757,285.77368626415256
4380,44.08477033878013,63.54245560218378,107.62722594096391,311.9343560752734
4400,44.714245527900346,58.25834572254843,102.97259125044877,285.99429132463763
4420,44.04930756474623,64.70277856920217,108.7520861339484,317.63046262523477
4440,44.39942461130761,74.90138248236254,119.30080709367014,367.69612210234686
4460,45.57802870746881,74.8504693414027,120.42849804887152,367.4461859346213
4480,46.19906007551109,63.479227349752286,109.67828742526338,311.6239641645254
4500,42.542434202814626,74.98696281916102,117.52939702197565,368.1162419576302
4520,36.91161208071857,78.72874421416526,115.64035629488383,386.48490837072006
4540,32.70913306404171,84.22851313073518,116.93764619477689,413.48365840791695
4560,29.738862124056894,86.21524568552502,115.95410780958191,423.2366673890627
4580,28.125957462625628,76.89243175928091,105.01838922190655,377.47032217415403
4600,28.17751754477417,78.82433984878651,107.00185739356067,386.95419402306993
4620,28.920959232432594,88.99094607819183,117.91190531062442,436.8627746340374
4640,29.247033611264282,76.21731894063325,105.46435255189753,374.15614615801996
4660,28.89143892355709,70.94182809255648,99.83326701611357,348.25839283576295
4680,28.371837815552652,59.85134761465511,88.22318543020776,293.81444896147775
4700,27.63962887903571,71.35478086118634,98.99440974022205,350.2856068417579
4720,27.063315968360733,57.697982916521475,84.76129888488221,283.2434311413157
4740,25.92612297592633,68.211104322257,94.13722729818333,334.85307897378914
4760,24.833306728881464,72.18887259115084,97.02217932003231,354.38022144593833
4780,23.596054810310424,73.40891241106074,97.00496722137116,360.36948220086424
4800,23.350269172042797,64.03093109987361,87.38120027191641,314.33231643715135
4820,24.727108535761165,68.2135246437015,92.94063317946267,334.86496050093706
4840,26.59976755647503,57.47618959442949,84.07595715090451,282.15463222013926
4860,29.12623666909947,49.47286632710117,78.59910299620064,242.86575888030387
4880,31.010313271551816,48.550429667235534,79.56074293878734,238.33745284005818
4900,31.28350071454815,50.08611827323131,81.36961898777946,245.87625554926544
4920,29.973613095290254,53.109825375411674,83.08343847070194,260.7198450665463
4940,29.531305333060935,52.82480016393393,82.35610549699487,259.32063638055916
4960,29.317582171762723,58.6334298613254,87.95101203308812,287.8356055797232
4980,29.637232799884337,60.35996595584992,89.99719875573426,296.3112919500768
5000,29.79791961727806,51.68480696479682,81.48272658207487,253.72433008214784
5020,30.10392068266611,49.744971681300974,79.84889236396708,244.2015430838346
5040,30.77659784694331,56.185004306508034,86.96160215345134,275.816113389781
5060,32.216574250064454,59.88903329570908,92.10560754577354,293.9994506039453
5080,34.763485784429946,67.11357813694653,101.87706392137648,329.46524621463453
5100,36.701565902894465,63.330751303954784,100.03231720684926,310.8950848774483
5120,38.859811308962314,64.48847220981897,103.34828351878127,316.5784177273234
5140,38.47788844167329,57.111822090732296,95.58971053240558,280.36592667573734
5160,36.768608221714274,66.72934631934143,103.4979545410557,327.57902536477235
5180,36.180243406129634,50.01460940010304,86.19485280623267,245.52521349271376
5200,35.308950480211095,69.71624345488212,105.02519393509321,342.2419121828566
5220,35.21256396383395,75.46171085046109,110.67427481429505,370.4468132274711
5240,36.401654773061196,59.706817270133,96.1084720431942,293.1049393977603
5260,37.94015364397346,59.087751156311825,97.02790480028528,290.06590057320165
5280,38.61953877675068,64.45863760428858,103.07817638103927,316.4319575633798
5300,39.96816511868168,65.54790423472214,105.51606935340382,321.7792435903129
5320,40.13455183995534,70.92156540978701,111.05611724974236,348.1589219097159
5340,38.31471899196603,67.66814705474256,105.9828660467086,332.18766379564664
5360,35.897076808408364,72.40735653700123,108.30443334540959,355.4527744078242
5380,33.2657885737713,61.584147390272044,94.84993596404334,302.32088418013603
5400,32.095560478567705,50.048365873277504,82.14392635184521,245.69092637905499
5420,30.442239932828222,49.66755363389527,80.10979356672348,243.82149247771238
5440,26.90219078192092,59.782931650428814,86.68512243234973,293.4785902109156
5460,23.755239711487548,66.39327339348019,90.14851310496773,325.9292198807165
5480,22.25784844271837,60.26675779737926,82.52460624009763,295.8537265850312
5500,20.85999663484099,52.57202706107348,73.43202369591447,258.0797555501493
5520,19.647457509752087,53.732396054433956,73.37985356418605,263.7760880466412
5540,19.402923238210455,50.473723051269275,69.87664628947974,247.77903449765748
5560,20.076746759284518,48.408487796353285,68.4852345556378,237.64065027436925
5580,22.728495434966234,34.62941073249862,57.357906167464854,169.99819783069384
5600,24.31071098781887,39.68411884952338,63.99482983734225,194.8121132938285
5620,23.849620870350723,27.117202173293105,50.96682304364383,133.1202409212288
5640,21.909336983641936,29.289481191737455,51.19881817537939,143.78411046187932
5660,20.27161986387492,30.062914371776227,50.33453423565115,147.58094800453094
5680,19.523684518080263,37.709738267101166,57.23342278518143,185.11974100842014
5700,19.825396648206727,49.920812334002555,69.74620898220928,245.06475713894955
5720,21.189070796493557,42.09179839024224,63.2808691867358,206.63158045247474
5740,22.584717298013317,42.26486503135155,64.84958232936486,207.4811766907839
5760,23.63963524539833,47.320785855669406,70.96042110106774,232.30104541878686
5780,25.58548049801842,47.16535228880038,72.75083278681879,231.53801117444917
5800,28.448096424762962,42.049826760743294,70.49792318550625,206.42553878950926
5820,30.469129337104263,40.4543833428953,70.92351267999956,198.59339553214602
5840,31.306662928872157,36.04749707460892,67.35416000348107,176.9596828062621
5860,31.566238761762346,34.27938980194128,65.84562856370363,168.2799206166398
5880,31.271886209267024,38.68312499030091,69.95501119956793,189.89816447090746
5900,31.651119517070153,47.38049123616526,79.03161075323541,232.59414330495926
5920,30.878638037607615,56.58682483269982,87.46546287030743,277.78867843951997
5940,30.51690216857784,56.0158430315076,86.53274520008544,274.98568886667965
5960,30.42933104103799,47.241253007556054,77.67058404859404,231.91061310816934
5980,29.06436956295614,59.16434053440429,88.22871009736043,290.4418831837424
6000,27.04508013536842,61.17473172291178,88.2198118582802,300.31103405151174
6020,26.239023048590774,65.47782138148571,91.71684443007649,321.43520196508695
6040,26.059842211427547,77.41838361728563,103.47822582871318,380.0522566083602
6060,26.04607263902526,80.19956249404716,106.24563513307243,393.70525811469395
6080,25.059695301878484,74.77108325620651,99.830778558085,367.0564740934227
6100,25.00690737076974,62.69975882446882,87.70666619523857,307.79749869020577
6120,25.283060497231197,68.79106791027846,94.07412840750965,337.70016076598796
6140,25.608156847602807,69.97566963833243,95.58382648593525,343.51545345092273
6160,26.67497792850711,82.09732531229258,108.77230324079969,403.0215084402895
6180,28.373873012422123,84.28735710280569,112.66123011522781,413.7725275799182
6200,29.777586832875752,80.16870251130673,109.94628934418249,393.55376430235384
6220,30.226692562628923,75.13727119290306,105.36396375553198,368.854116270664
6240,29.176094419677582,72.46189244163932,101.6379868613169,355.72049497567207
6260,27.358969401734946,73.60128699962338,100.96025640135832,361.31386250281895
6280,25.875158272188948,67.11829065287637,92.99344892506531,329.488380284732
6300,23.914995387460213,75.30543779401664,99.22043318147685,369.6796578701286
6320,22.767969558442807,73.48874006051628,96.25670961895909,360.76136171187676
6340,23.370746172069822,61.80741004320237,85.1781562152722,303.4168961491019
6360,25.124307134320027,52.52797679426018,77.6522839285802,257.86350971131395
6380,26.160470105751244,55.705220755245556,81.8656908609968,273.46082240046917
6400,27.659660047254484,50.025668712980796,77.68532876023528,245.57950443266034
6420,31.189182817794283,48.3188859653514,79.50806878314569,237.20078862294486
6440,35.808224603514084,51.55935342771199,87.36757803122607,253.10846989958074
6460,38.287401361251185,43.848319655568645,82.13572101681983,215.25446612221404
6480,38.4410328877462,46.658916367221146,85.09994925496736,229.05188183629093
6500,37.77819121989759,52.06509789940367,89.84328911930126,255.59120486190963
6520,36.1455178336319,50.980146835438426,87.12566466907032,250.26510425242122
6540,33.84657486737765,52.10962399223717,85.95619885961482,255.80978656393765
6560,30.14692312455817,50.138336557245125,80.2852596818033,246.13259875547047
6580,26.69592369386273,57.80421088271835,84.50013457658108,283.7649116525547
6600,23.490406479966904,71.9826269622189,95.47303344218581,353.3677472372454
6620,22.034353203916268,76.56400837583234,98.59836157974861,375.85806882849374
6640,23.178396111056838,79.21108275110483,102.38947886216167,388.8527419633104
6660,27.099791950487628,66.99192081564956,94.09171276613719,328.86802192071997
6680,32.35925994761729,62.8966330979808,95.2558930455981,308.7639682600982
6700,37.175089107779336,59.5231843265591,96.69827343433843,292.2034724420834
6720,37.7715711314081,52.63318902415346,90.40476015556156,258.38000390204013
6740,36.01033412259524,50.68120886693376,86.691542989529,248.7975968697077
6760,33.746072354544324,50.59530613284172,84.34137848738604,248.37589434357514
6780,32.20009292976799,53.32609712637105,85.52619005613904,261.7815382090831
6800,31.66462945079319,44.04644537675069,75.71107482754388,216.22707913619308
6820,30.118985866918884,54.515712400345194,84.63469826726407,267.6214427413795
6840,27.954328520420614,50.20447560548451,78.15880412590512,246.45727996629978
6860,25.982886293104027,54.48180551332449,80.46469180642852,267.45499146295333
6880,24.57370004772591,62.37527825035663,86.94897829808254,306.20460087117436
6900,23.84046157493551,67.16768929344605,91.00815086838156,329.73088166418086
6920,23.64317832040204,72.69497705964979,96.33815538005183,356.86472365775734
6940,24.032550616909433,60.88891219214714,84.92146280905658,298.9079259966234
6960,25.34055289411842,58.31726988687264,83.65782278099105,286.2835541660176
6980,27.380495457068474,57.46004633798361,84.84054179505209,282.07538384585655
7000,29.416990889607963,65.02810103516363,94.44509192477159,319.2274933502013
7020,30.78514584380846,68.36889046779295,99.15403631160142,335.62766219124455
7040,31.941387402875293,54.736922695458134,86.67831009833343,268.70737954236307
7060,33.457228684477066,48.32817533196953,81.78540401644659,237.24639077298633
7080,35.22035517786319,57.97832625776903,93.19868143563221,284.619656199087
7100,36.73446733660492,53.5494372714266,90.28390460803152,262.8779305923083
7120,39.48496466575634,68.63206600863533,108.11703067439167,336.91960931682286
7140,41.53607053987123,61.593674811684195,103.12974535155543,302.367654957801
7160,43.13908034831263,56.25825442767997,99.3973347759926,276.17570335468974
7180,45.58784308101286,62.68392647053783,108.27176955155069,307.7197765581003
7200,47.57995000634248,60.25211599798992,107.8320660043324,295.7818489683886
7220,46.81053143265592,65.70840705598556,112.51893848864148,322.56716315880607
7240,44.84060442562735,67.59290097779721,112.43350540342456,331.81827554433187
7260,40.953956456874295,61.938921991072434,102.89287844794673,304.0624974936878
7280,36.23091408666339,67.2995704315727,103.5304845182361,330.37829538954213
7300,32.56081063247443,74.49062207850409,107.05143271097852,365.67967056825785
7320,30.185321951449822,78.61372814520746,108.79905009665728,385.9202864487522
7340,29.017898768861034,61.28032288262709,90.29822165148812,300.8293884352209
7360,27.572531215406915,60.421057110350986,87.9935883257579,296.6111926977043
7380,27.26784883630611,71.74615483533448,99.0140036716406,352.20688903731605
7400,27.54352682359928,61.460205710640096,89.00373253423938,301.7124458114817
7420,28.381357571464935,58.50494101500361,86.88629858646854,287.2048448519483
7440,30.94256261160199,56.225764825668115,87.16832743727011,276.0162096274381
7460,34.446940536024,48.913890111028124,83.36083064705213,240.1217055639862
7480,37.399662306813866,47.010073486736545,84.40973579355041,230.775736681358
7500,37.91191333420335,43.20289380483176,81.11480713903511,212.08602550662934
7520,38.87979708474647,45.158501591586585,84.03829867633306,221.6862408259157
7540,40.52864144649526,43.37671392717161,83.90535537366686,212.93932063696647
7560,39.94194262489592,52.091569777765386,92.0335124026613,255.72115716313266
7580,39.64390920178302,59.59700756222542,99.24091676400843,292.56587586610493
7600,37.4424996380973,53.528129463999775,90.97062910209708,262.77332907626567
7620,34.762707046980765,56.84524990812059,91.60795695510136,279.05730519829314
7640,33.69266865631148,60.005410483854156,93.69807914016565,294.5707543551438
7660,34.316245600797686,67.67610954838865,101.99235514918634,332.2267522335219
7680,35.24411053145956,65.52737657986613,100.77148711132568,321.67847189777183
7700,35.58885692949628,72.84943949001455,108.43829641951083,357.6229905251145
7720,35.23691584214277,78.47318879506798,113.71010463721075,385.2303689554238
7740,34.795567954023426,69.60410558040941,104.39967353443284,341.69141951879766
7760,33.30140839681089,66.28467714071945,99.58608553753035,325.3961132851958
7780,31.023686544480416,76.75577180807215,107.77945835255257,376.79944892134074
7800,27.48638998195893,64.77188991080554,92.25827989276448,317.9697350319468
7820,24.944130214327906,63.85538394069145,88.79951415501935,313.470543162238
7840,23.167860948543733,80.18082708968183,103.34868803822556,393.6132847050874
7860,22.00947043908138,77.73972345094364,99.74919389002503,381.629736312969
7880,22.868718626994273,81.88875298625732,104.7574716132516,401.99761231288363
7900,24.950984297042996,75.16799982838451,100.1189841254275,369.0049652901289
7920,27.336404476801768,75.9636813672174,103.30008584401918,372.91102158122845
7940,30.194991261624164,77.87147834203203,108.0664696036562,382.2765302827949
7960,32.48439741826102,80.20959521098891,112.69399262924992,393.7545094234332
7980,32.86148867978293,77.0841708903174,109.94565957010033,378.4115829706953
8000,32.82409788860684,83.03618395394062,115.86028184254747,407.6304311369774
8020,33.69667114623687,81.09469757919867,114.79136872543555,398.0995388163281
8040,35.85292367827933,90.62185827160293,126.47478194988227,444.8690365898552
8060,39.13870229847873,81.197949987359,120.33665228583772,398.6064121051786
8080,41.32232638783838,64.6899572300904,106.01228361792877,317.56752177534236
8100,42.254311178211196,75.79210274806324,118.04641392627444,372.06873014670765
8120,40.189528269487575,80.07695271098741,120.266480980475,393.10335811941025
8140,38.71284528274724,86.23594457417846,124.9487898569257,423.3382796802843
8160,40.031657324281795,88.86069408879844,128.89235141308023,436.22335851368285
8180,42.31564465706862,77.84651426571578,120.1621589227844,382.1539798872063
8200,43.11918782202604,73.34906128762358,116.46824910964963,360.0756688524058
8220,41.60218958575126,60.511348341243746,102.11353792699501,297.054438661381
8240,38.7835013564176,45.069767086067316,83.85326844248492,221.25063693591022
8260,35.7876038874989,58.7980194672375,94.58562335473641,288.643587459717
8280,32.031727980345735,60.075677197478825,92.10740517782456,294.9156985638671
8300,28.62445790450783,68.63120169817167,97.25565960267949,336.9153663563427
8320,26.076138064617794,68.69755384049832,94.77369190511611,337.2410936609413
8340,24.524694217886324,70.02671218109138,94.5514063989777,343.766024861125
8360,23.53152007038812,82.49704713190026,106.02856720228837,404.98377079271063
8380,24.774408918044305,69.76357390988359,94.53798282792789,342.47426069478803
8400,26.166900000778067,77.5382607013727,103.70516070215078,380.6407415933755
8420,29.734818731903076,72.26307426552772,101.9978929974308,354.7444826520422
8440,33.89125470937975,66.449055582101,100.34031029148075,326.20305854374897
8460,38.52029148410979,55.668134048261074,94.18842553237087,273.27876116357606
8480,41.18663307864732,54.226195177353794,95.41282825600112,266.2001824568868
8500,42.95396497082911,58.94622343678533,101.90018840761445,289.3711311054667
8520,45.526994978343204,58.20631411643383,103.73330909477704,285.7388645332884
8540,47.644830048577035,49.94531370486535,97.59014375344239,245.18503608112476
8560,47.86741758414354,47.1013731134414,94.96879069758494,231.2239329305617
8580,45.77590986367751,44.56683319155239,90.3427430552299,218.78169929339725
8600,43.28314408060465,45.60503198425044,88.88817606485509,223.87828973532
8620,40.003554971289034,49.75966245256841,89.76321742385744,244.27366110684974
8640,36.44157216341801,68.17766699962363,104.61923916304164,334.6889328197622
8660,35.33290706076068,70.31055909702833,105.64346615778902,345.1594492119413
8680,34.8635168495221,55.767897071876575,90.63141392139867,273.7685048197932
8700,33.501024308215285,56.186641584232554,89.68766589244784,275.82415090057395
8720,32.05912025738689,66.20689707306882,98.2660173304557,325.0142854963865
8740,31.05493087047098,71.92750319419412,102.9824340646651,353.09714080694147
8760,29.371240887195906,79.0908822133716,108.46212310056751,388.26266912173725
8780,28.12857445921283,79.14600328193688,107.27457774114971,388.5332623002059
8800,28.94617703591433,75.55035121692262,104.49652825283695,370.88195498226196
8820,29.7741089167789,68.73475407862713,98.50886299540603,337.4237122301576
8840,29.875565973951996,71.32195863222883,101.19752460618082,350.12448022557993
8860,30.224151114479092,74.82277527849988,105.04692639297897,367.3102338440571
8880,29.628765926183597,60.965513715645926,90.59427964182953,299.2839682298128
8900,29.02949473072003,59.1645803878532,88.19407511857324,290.4430606410885
8920,29.744268216438897,61.447560264670656,91.19182848110955,301.65036843331967
8940,29.615782757435344,59.61384019471831,89.22962295215365,292.6485084355888
8960,29.255648846472226,68.22836406675984,97.48401291323206,334.9378082659843
8980,28.17144119522703,75.52792094062957,103.6993621358566,370.77184318809606
9000,27.616380643393484,69.60037479405,97.21675543744348,341.6731048277828
9020,26.489165304045848,65.83488912054992,92.32405442459577,323.1880724546627
9040,26.182891494994195,55.348578721984275,81.53147021697848,271.71004173043616
9060,26.383698292301148,55.84373019713579,82.22742848943693,274.1407749323145
9080,26.896773046241478,61.794564084926975,88.69133713116845,303.35383444201443
9100,28.09751449432015,50.33461537912177,78.43212987344192,247.09614521166378
9120,29.624110687059027,52.52712824971458,82.15123893677361,257.8593441468276
9140,32.242485613571496,44.197821184980995,76.44030679855248,216.97019355974194
9160,34.894236438796405,47.71857943962081,82.61281587841722,234.2538419275905
9180,36.940934774919285,49.39208072976788,86.33301550468717,242.46917673620035
9200,37.8267302402409,50.003706889033694,87.8304371292746,245.47169230380484
9220,36.52972375311629,51.1985646054673,87.7282883585836,251.33733235257372
9240,36.83053110862192,44.80692981122924,81.63746091985115,219.9603503817913
9260,37.34796809744026,46.64495688671637,83.99292498415663,228.98335377074585
9280,37.57866661873397,42.188782145457886,79.76744876419185,207.10768048585015
9300,37.6133010233371,35.495516337150455,73.10881736048756,174.2499707834371
9320,36.13525085550256,36.49141092567473,72.62666178117729,179.1388869300692
9340,32.67403233685438,44.96450813989833,77.63854047675271,220.7339134117212
9360,28.881519852893828,65.7250176847152,94.60653753760903,322.6487058962984
9380,26.31263060961669,51.92708094190255,78.23971155151924,254.91366997035442
9400,24.712314565507803,42.05966266217332,66.77197722768112,206.4738239171443
9420,23.62388730626148,44.73838380339032,68.3622711096518,219.62385323804497
9440,22.231880683046704,42.63056656377245,64.86244724681916,209.27643107543713
9460,21.053582742411333,54.395225046076334,75.44880778848767,267.02996189738485
9480,21.371506061505485,52.488762058777404,73.86026812028288,257.6710018337767
9500,22.95176036809327,46.51004926488159,69.46180963297486,228.32108282531462
9520,25.033515838229665,42.19392776594009,67.22744360416975,207.13294069646858
9540,27.843552164928862,40.835734478639864,68.67928664356873,200.4654749133994
9560,29.8447509574471,34.78179015612773,64.62654111357483,170.74623907238663
9580,31.175805013156683,39.09197647913251,70.2677814922892,191.9052450076993
9600,31.202400437097864,49.01584676286057,80.21824719995843,240.62221789445164
9620,30.40634223960165,44.988815187255504,75.39515742685715,220.85323840622442
9640,29.549451776192587,41.19942957717162,70.74888135336421,202.25087957384403
9660,29.846859715346028,56.47591042450554,86.32277013985157,277.2441918569404
9680,30.074448901483144,51.75869277636351,81.83314167784665,254.08704069563825
9700,30.945050350513856,61.68958703115075,92.6346373816646,302.8384947472854
9720,32.4644610513878,60.54162847897475,93.00608953036254,297.2030859740396
9740,34.38827331337733,56.86019056736923,91.24846388074656,279.1306499388748
9760,36.869432334336466,60.73192187596328,97.60135421029975,298.1372495610848
9780,39.392143866427155,54.82056872704283,94.21271259346999,269.11800375814687
9800,41.03711812631402,50.97482744951946,92.01194557583348,250.23899101512777
9820,41.74563207303774,63.307837695394156,105.0534697684319,310.7826003713966
9840,40.820912289361246,68.18128798495404,109.00220027431529,334.7067084898508
9860,40.61319989733119,67.20520303615399,107.81840293348517,329.9150392492896
9880,39.50918738673946,65.66164410964276,105.17083149638222,322.33760058654815
9900,37.40384191808889,72.14825009040516,109.55209200849404,354.1808027503247
9920,35.015852027572954,70.71828962145064,105.7341416490236,347.16102685609417
9940,35.17095570666256,61.491593445991015,96.66254915265358,301.8665303982759
9960,35.755393172908406,54.103311551319564,89.85870472422798,265.59693814730014
9980,37.41826837884061,58.45412665899533,95.87239503783593,286.9553936264549
10000,38.936245472602224,57.042132011291905,95.97837748389412,280.0238132045304
10020,39.26049483229127,56.84809964019199,96.10859447248326,279.0712947322237
10040,39.07641309043466,54.78666669586962,93.86307978630428,268.95157631741546
10060,37.76109103912923,60.53338593537588,98.2944769745051,297.16262275137115
10080,36.7580752841546,50.686938029618844,87.44501331377344,248.8257217297888
10100,35.190641372002034,63.55050004092252,98.74114141292455,311.9738467873363
10120,34.12828532416802,54.237561506812646,88.36584683098067,266.25598056269
10140,33.16985205013866,56.34254994708216,89.51240199722082,276.5895159515678
10160,32.76672324561204,52.05901289101922,84.82573613663126,255.56133313041724
10180,33.05898083564897,57.89597779252497,90.95495862817393,284.21540182716734
10200,33.82801358026792,49.13621303116897,82.96422661143689,241.21310431900264
10220,33.34799600887547,48.21073355983374,81.55872956870921,236.66986090456464
10240,33.18970628642182,62.64327735374435,95.83298364016616,307.52022720244764
10260,32.79112052780137,71.68249015285203,104.4736106806534,351.894354660942
10280,32.13751899310715,74.26334694632352,106.40086593943067,364.5639610581861
10300,31.175481994285658,77.74008686655961,108.91556886084527,381.63152034563
10320,29.80612929036173,63.60742597163324,93.41355526199497,312.253300160234
10340,28.516625803794238,57.88221559786728,86.39884140166151,284.1478422516356
10360,27.03051383657635,51.290803320691836,78.32131715726818,251.79013865296147
10380,25.69875315952136,46.862953388658134,72.5617065481795,230.0535138364127
10400,25.27309824380988,52.08477181817511,77.357870061985,255.68778550433663
10420,25.922356374955218,67.73070690527385,93.65306328022906,332.4947744747462
10440,28.066118338017276,75.5281832531504,103.59430159116768,370.7731308985961
10460,31.905248147575396,72.23235051072751,104.1375986583029,354.59365759218275
10480,37.160818756806876,70.05921456390347,107.22003332071034,343.9255813302183
10500,42.71538281721856,59.76284459036252,102.47822740758107,293.37998142899426
10520,45.09133242734981,47.666843413209286,92.75817584055909,233.9998661576642
10540,45.527848353047055,43.103434622247406,88.63128297529445,211.59777342727222
10560,42.68464046947587,39.26539944271952,81.9500399121954,192.7565904579579
10580,40.23488734131792,42.25773997745995,82.49262731877786,207.44619930319925
10600,38.77667395081666,41.75978040486278,80.53645435567944,205.0016809546783
10620,38.463370315623024,39.23943275410177,77.7028030697248,192.62911816850004
10640,37.57622659193771,41.479419153486084,79.05564574542379,203.62536797483116
10660,35.77065374975575,54.605410024602584,90.37606377435833,268.061774648591
10680,33.91082957131399,51.572632561492085,85.48346213280607,253.17365809549912
10700,32.535829902390475,51.13865048930842,83.67448039169889,251.04320976844124
10720,31.563388391284203,61.63708212173982,93.20047051302403,302.58074447697123
10740,32.13626213665815,44.15770855902385,76.29397069568199,216.7732778751048
10760,32.9892075898011,36.51711299139502,69.50632058119612,179.26506016722666
10780,34.038721876230085,43.07247795244544,77.11119982867552,211.44580497138872
10800,34.30680687056357,50.48570120446931,84.79250807503288,247.83783608897173
10820,33.975675448781246,58.78868044366495,92.76435589244619,288.59774154021534
10840,34.80544839269862,62.80104709819812,97.60649549089675,308.29472990584424
10860,37.171308434792905,49.367022130119786,86.53833056491268,242.3461623189686
10880,38.43822731448815,45.81142036579408,84.24964768028224,224.89146472656194
10900,38.64495824029518,43.870584296616364,82.51554253691154,215.36376480138293
10920,36.73399996039981,43.59649373835301,80.33049369875282,214.0182350923414
10940,34.71515875487375,42.04213395035681,76.75729270523055,206.38777424560593
10960,31.923118025595368,60.34857474991824,92.27169277551361,296.2553717239296
10980,29.565723796057714,56.07096196427968,85.6366857603374,275.2562715603901
11000,28.51044795232534,49.02259696552077,77.53304491784611,240.6553551111398
11020,28.54268868732929,52.23012252300453,80.77281121033383,256.40132227414466
11040,28.83947648979126,47.80239553527872,76.64187202506997,234.66530099979695
11060,29.31739923457925,57.82863229944251,87.14603153402176,283.8847980942747
11080,29.985047234152596,61.57380284038407,91.55885007453666,302.2701020616671
11100,30.786372209563257,64.39877049636847,95.18514270593172,316.1380657459772
11120,32.54488569713155,71.58772106602258,104.13260676315413,351.4291265894766
11140,33.189287182162865,75.09425420101854,108.28354138318142,368.64294285067854
11160,32.59397936113798,79.38156129273479,111.97554065387277,389.6896330403711
11180,31.705474705510916,81.40418887474168,113.1096635802526,399.61885321913496
11200,29.310733052170217,82.36906906396685,111.67980211613707,404.3555175117468
11220,28.096152933750886,86.5292803377059,114.62543327145679,424.77828544717875
11240,29.47448402907781,86.91993647917715,116.39442050825497,426.69604375195064
11260,33.48051755131831,78.75194341222674,112.23246096354504,386.59879485559367
11280,40.297081420412084,67.61270217901465,107.90978359942673,331.91548102518306
11300,47.199514426672565,56.38316701400169,103.58268144067426,276.78890797214905
11320,53.91323705959905,61.026205180538724,114.93944224013777,299.58190687321564
11340,60.297494514056325,50.905597745161614,111.20309225921794,249.89913755738064
11360,63.66424470423486,56.35299529484252,120.01723999907739,276.6407928938379
11380,61.23388246679785,80.83263034346517,142.06651281026302,396.8130324379982
11400,55.009754450114016,89.99324745148047,145.00300190159447,441.7831421349027
11420,46.29814778843743,117.12565951144867,163.4238072998861,574.9780494529682
11440,38.69068501640322,110.32444757005743,149.01513258646065,541.5904246379708
11460,33.77028091667361,109.07801164466929,142.8482925613429,535.4715835562033
11480,31.192444013484923,98.12631139216856,129.3187554056535,481.7089215089433
11500,29.39102019428927,92.88401144567112,122.27503163996039,455.97410464253437
11520,28.167043800997128,95.75463445689502,123.92167825789215,470.06619365695735
11540,27.94308501008994,75.18695857561676,103.1300435857067,369.0980351054805
11560,28.659711348179016,76.37013669578913,105.02984804396814,374.90633919981644
11580,30.05386563268308,74.29016130673193,104.34402693941502,364.69559462771537
11600,31.748073249707787,73.5359091999763,105.28398244968409,360.99291831453945
11620,34.98320402814195,68.97108186124295,103.95428588938489,338.58386183398295
11640,37.8406501094252,55.78153779528288,93.62218790470808,273.8354680844612
11660,38.610857766105035,55.252452510756015,93.86331027686106,271.2381514404359
11680,37.40611595263795,43.8539132526034,81.26002920524135,215.28192548104184
11700,35.659390220733755,49.08688825829574,84.74627847902948,240.9709655612389
11720,33.982131355474586,43.44116691176225,77.42329826723685,213.25572484349075
11740,30.93841855679522,54.768038275605086,85.7064568324003,268.8601281002377
11760,28.93040421881536,52.71456624627978,81.64497046509514,258.77949037360634
11780,28.260297579118188,44.59298664205023,72.85328422116842,218.9100884099788
11800,29.512518342655085,54.472832956350956,83.98535129900604,267.4109445536017
11820,33.080732010968326,51.05354701810903,84.13427902907736,250.625430879716
11840,37.85998691240372,41.78189966721259,79.64188657961631,205.11026595965743
11860,41.84850845630784,44.97973674622869,86.82824520253652,220.80867170465413
11880,45.096997898906395,36.907517114095214,82.00451501300161,181.18158129423568
11900,46.73201344952577,38.34169331721211,85.07370676673789,188.22205252214295
11920,46.808750055488204,48.87697221864556,95.68572227413377,239.94047304977386
11940,46.01642933085096,39.07170598155434,85.0881353124053,191.8057357182101
11960,45.11169465643004,49.16794337175584,94.27963802818587,241.3688707788477
11980,44.357679960137354,49.84584141154767,94.20352137168501,244.69671964026134
12000,42.4782870391521,45.92672491825409,88.40501195740619,225.45750283420668
12020,38.934097945252425,56.80387680673154,95.73797475198396,278.85420175165535
12040,34.79107742918193,59.51446736790492,94.30554479708685,292.1606802827475
12060,31.366201573214266,65.11006092100054,96.47626249421481,319.62984015865015
12080,29.20528364741539,59.891137591972246,89.09642123938764,294.0097807413884
12100,28.4450284255702,54.497743560215824,82.94277198578602,267.5332324491889
12120,28.762703946050586,51.234458487734315,79.9971624337849,251.51353792955206
12140,29.827204049010348,61.78154398419959,91.60874803320993,303.2899178574578
12160,31.335112211218505,61.573986440052764,92.90909865127126,302.2710033652741
12180,33.518082512841936,57.80142201902328,91.31950453186522,283.7512209257381
12200,34.995270323848054,58.89094810612979,93.88621842997784,289.0997806436144
12220,36.22868419857498,51.192994356853,87.42167855542797,251.30998761277397
12240,37.09120155316694,55.146690819645784,92.23789237281272,270.71895990618924
12260,39.59164455738457,56.64756882276524,96.2392133801498,278.0868749326667
12280,39.18445029266889,58.636675893003854,97.82112618567274,287.8515405761256
12300,37.98130388067301,55.26767268017293,93.24897656084593,271.312868315971
12320,36.58288354394151,64.55350127005575,101.13638481399727,316.89764992946147
12340,36.13195046612326,57.633921335052364,93.76587180117562,282.92894836007355
12360,37.82299367847743,54.163165824423054,91.98615950290048,265.89076695769074
12380,40.28289641841051,49.41751623739005,89.70041265580056,242.59404142102215
12400,42.509620101478845,46.9576153462715,89.46723544775034,230.5182160030683
12420,43.60215048928262,49.13563333595953,92.73778382524216,241.21025855469966
12440,44.17727944524442,54.504055477254944,98.68133492249936,267.5642180911277
12460,42.645106495728676,64.38472697903467,107.02983347476334,316.0691251377644
12480,41.99093115346157,78.41949287142504,120.4104240248866,384.9667719129945
12500,42.10064325329773,97.80753332708969,139.90817658038742,480.1440177053534
12520,43.179236461148854,82.5140680167555,125.69330447790435,405.06732750619983
12540,44.12505960675314,71.9722238961263,116.09728350287943,353.3166778586378
12560,41.046294765858,65.93948519874418,106.98577996460219,323.7015419136303
12580,37.35389341466428,63.24940313090888,100.60329654557316,310.49574100984836
12600,32.011384674178586,64.6631549810232,96.67453965520178,317.43594766123374
12620,26.834693497662478,80.28950345355024,107.12419695121272,394.1467845716353
12640,23.538818764321757,90.2124409065393,113.75125967086106,442.85917812708647
12660,21.795572729983625,90.20740437832167,112.00297710830529,442.83445345802016
12680,22.21544735337719,84.41128797653916,106.62673532991634,414.3809129016615
12700,24.176084909435925,74.84971347837254,99.02579838780846,367.4424753501726
12720,25.981335937300962,70.2668517230051,96.24818766030606,344.94488665778016
12740,27.42469338748936,69.8207198764288,97.24541326391815,342.7547942389774
12760,28.517804858520982,62.47874417214901,90.99654903067,306.7125223133688
12780,29.393001801143242,58.25087906616817,87.64388086731141,285.9576369865586
12800,29.863672178961565,47.309239203077006,77.17291138203856,232.24436209411672
12820,28.368031970456478,43.53821223935352,71.90624420981,213.7321271399619
12840,26.86310860274621,40.31916688072521,67.18227548347141,197.9296084679213
12860,25.317198814723234,42.09985913990364,67.41705795462687,206.6711512359971
12880,23.94079797554636,41.44062829802199,65.38142627356835,203.4349409539342
12900,22.47647449902296,47.41465737796496,69.89113187698791,232.761867283217
12920,21.792265948697054,52.959410199276405,74.75167614797346,259.9814464530988
12940,21.70486275604125,46.75289618245416,68.4577589384954,229.5132353183206
12960,22.665381032717356,50.45693200884134,73.1223130415587,247.6966060967096
12980,24.860341139496416,51.10942529329103,75.96976643278745,250.89974123839366
13000,28.180747137014215,46.463445446395326,74.64419258340953,228.09230142282723
13020,30.65409420956972,54.658348462820456,85.31244267239018,268.3216531421214
13040,31.450946449826098,48.57547810688805,80.02642455671415,238.46041738116142
13060,31.813676656137016,53.22719735448437,85.04087401062138,261.29603231594285
13080,32.58533730792888,44.124820058354814,76.7101573662837,216.6118259264627
13100,32.97049812672855,40.64223834024277,73.61273646697131,199.51558884491266
13120,32.608170680736016,43.3023727593476,75.91054344008361,212.57437464778016
13140,31.579454689099233,45.217897754640866,76.7973524437401,221.97782074205358
13160,30.075924800949323,45.465880305299116,75.54180510624843,223.19518441685034
13180,28.792343138488658,54.88993513520606,83.68227827369472,269.45852830443
13200,27.630871434175823,47.739607135490765,75.37047856966659,234.3570683564211
13220,27.22203099600779,55.72873766324504,82.95076865925283,273.57626854563597
13240,28.076019386434467,55.144499603640995,83.22051899007546,270.7082030736589
13260,28.201887183712017,48.829074551642826,77.03096173535485,239.70534005448098
13280,27.456098320766873,53.493147448524496,80.94924576929137,262.60159991710606
13300,27.689676385194918,55.046969283042536,82.73664566823746,270.2294199126152
13320,28.54098431765121,59.172958561193994,87.7139428788452,290.4841896796404
13340,27.91568417732991,62.71948693541769,90.6351711127476,307.89434536581973
13360,28.078310394843765,65.17299665541981,93.25130705026358,319.93879607802955
13380,29.385582737748415,53.84262548845013,83.22820822619855,264.31721204310185
13400,30.408838151331338,63.95708480771587,94.36592295904721,313.9697998272018
13420,30.54888180248979,73.28179631647517,103.83067811896495,359.7454604073157
13440,31.813409458791963,84.34877228974813,116.16218174854009,414.0740190254498
13460,36.99329223562664,73.94999810764072,110.94329034326736,363.0257097064695
13480,45.390701027135606,64.3589900820204,109.749691109156,315.94278091135004
13500,48.66034835556077,71.53232024954414,120.19266860510491,351.15716010894835
13520,45.918659062775674,75.59419611073221,121.51285517350789,371.0971926306668
13540,40.64063684944694,75.8256512325762,116.46628808202314,372.23342200217144
13560,37.15692684335379,79.20376173717179,116.36068858052558,388.81680259418505
13580,34.85250006535016,82.9322157289694,117.78471579431957,407.1200438533677
13600,34.38692198281712,88.47451295561311,122.86143493843022,434.3275683373831
13620,35.59293179580092,102.16509929413516,137.75803108993608,501.5356136250292
13640,38.771626834569304,84.93517779848627,123.70680463305557,416.9527246567275
13660,41.960651552205604,83.40300975795199,125.3636613101576,409.43120464945315
13680,45.52252656111369,75.54296979057949,121.06549635169318,370.8457190443927
13700,48.0340867151145,72.87816135127488,120.91224806638938,357.76398814965734
13720,47.624341466941345,72.95860743621105,120.5829489031524,358.158903603672
13740,47.74952544875144,66.46878353914862,114.21830898790006,326.2999044638509
13760,48.19945266022609,66.74073539865775,114.94018805888385,327.6349351512161
13780,48.67188787826807,49.90435332713545,98.57624120540353,244.98395872377858
13800,48.41317469422252,44.22287217462632,92.63604686884884,217.09317061893816
13820,47.07081420409226,49.1298025037246,96.20061670781686,241.1816345916918
13840,44.80667364873115,52.50229057374061,97.30896422247176,257.73741425935435
13860,41.27462558959318,66.24985958996209,107.52448517955526,325.2251914948323
13880,37.81384303321757,71.26467943995479,109.07852247317237,349.8432926669754
13900,35.056963530900774,83.15019679978336,118.20716033068413,408.1901281665495
13920,32.77371811328097,79.49825067893474,112.27196879221572,390.2624693936431
13940,32.775449720653235,90.74484874520043,123.52029846585367,445.4728054215985
13960,35.09406468433908,86.6267876086072,121.72085229294629,425.256955455648
13980,39.622497786195325,73.6247182877325,113.24721607392783,361.4288883339592
14000,45.96695619539328,76.44872980834641,122.4156860037397,375.29215828290313
14020,51.552958862286,65.79041669293368,117.34337555521967,322.9697541989373
14040,51.087017008316124,59.75702747406387,110.84404448237999,293.3514247984763
14060,47.205275112261134,59.045977639747555,106.2512527520087,289.8608314604803
14080,42.829452893495,62.30537871842688,105.13483161192188,305.86145918305675
14100,39.713313539012134,61.004139347125104,100.71745288613724,299.4735841546189
14120,38.66410801416955,71.88846553781633,110.55257355198589,352.90550222310816
14140,39.92129276966034,79.52950818438444,119.45080095404478,390.4159146727493
14160,41.541193355286474,65.1722867579302,106.71348011321666,319.93531114163227
14180,43.2308940315018,50.99573919462387,94.22663322612567,250.34164823354556
14200,44.4682211140907,61.48598447584586,105.95420558993656,301.8389955717746
14220,46.18473057594759,58.15318986507447,104.33792044102205,285.47807387005827
14240,50.94391047998438,58.808642471950634,109.75255295193502,288.6957365323862
14260,55.85861833138131,57.226764939174835,113.08538327055615,280.9301891530777
14280,56.805980224147895,61.4310174331427,118.2369976572906,301.5691585170294
14300,54.793479790859,54.96702352029135,109.76050331115036,269.8369605751784
14320,51.84931972022043,53.72706222169149,105.57638194191192,263.74990388888136
14340,49.297284317684934,63.321041259031155,112.61832557671609,310.84741758820036
14360,46.782004768432614,81.99090568223114,128.77291045066374,402.4990870377423
14380,44.822532164247164,86.47802538735968,131.30055755160686,424.52667131328354
14400,43.92319067994362,90.81125055957924,134.73444123952285,445.79877656977317
14420,44.626271280176084,75.70952294362624,120.33579422380232,371.66334011451954
14440,46.98978213983626,74.03915209285127,121.02893423268753,363.4633728516004
14460,48.675179841546964,68.75908216345638,117.43426200500335,337.5431404990817
14480,50.979102346648986,55.08804395620962,106.0671463028586,270.4310583542516
14500,51.70280204322174,55.92543119529909,107.62823323852083,274.5418508430778
14520,49.65132044914034,52.84432667473761,102.49564712387794,259.4164933869688
14540,45.81716939305661,47.86991452252386,93.68708391558047,234.99675642766118
14560,42.44375204434608,52.434594418011045,94.87834646235711,257.4050890990162
14580,38.790034243700056,64.61209172304572,103.40212596674579,317.1852745585757
14600,35.66197276047389,60.86188073096879,96.52385349144268,298.7752266642396
14620,32.57871047419646,72.65416595290486,105.23287642710133,356.66437908211014
14640,31.52653540723826,71.80612397279315,103.3326593800314,352.50128172485506
14660,31.195770404215263,71.31174462687171,102.50751503108698,350.0743389593379
14680,30.049791024527245,74.55098230103063,104.60077332555787,365.9759831197314
14700,30.212121098703108,81.22082602080285,111.43294711950595,398.7187121523555
14720,31.271834746718152,69.83127987661364,101.10311462333179,342.8066340180132
14740,33.15885571102375,72.29117224628058,105.45002795730433,354.88241760356556
14760,35.43855233532948,72.93836726635483,108.3769196016843,358.05954319508965
14780,37.656176693540104,63.85798839369675,101.51416508723685,313.4833286040884
14800,38.4323645999749,58.72621879444945,97.15858339442435,288.29111293823905
14820,37.02855702197572,63.55196464491204,100.58052166688776,311.9810366306945
14840,35.83474989294481,83.02253759473335,118.85728748767815,407.5634402057684
14860,36.11449280913455,80.39107357070591,116.50556637984047,394.64539937635425
14880,36.04932899817727,85.55385305819551,121.60318205637279,419.98984475113065
14900,36.02292399679755,87.98632125329038,124.00924525008793,431.93100114679913
14920,35.10680131864324,81.17487540443094,116.28167672307418,398.4931373647054
14940,31.945156848645517,96.40531550072751,128.35047234937304,473.2604323827786
14960,29.098832898719134,85.27279049516471,114.37162339388385,418.6100889833528
14980,28.15851601020747,74.91824293564886,103.07675894585634,367.77889124605025
15000,28.208116836254234,83.5611140112225,111.76923084747673,410.20734948001274
15020,29.40430404065104,85.97576147319731,115.38006551384835,422.06102265115186
15040,31.720073183203702,88.67709265194382,120.39716583514752,435.32204622669326
15060,36.959209788512275,81.18611022266737,118.14532001117965,398.54828987272526
15080,45.60848334309419,74.66851264120514,120.27699598429933,366.5529477748459
15100,51.302777125510175,60.98354955681794,112.28632668232811,299.372507434805
15120,49.57193459304382,75.41040364839839,124.9823382414422,370.1949425862474
15140,48.07779531627743,71.43835568904085,119.51615100531828,350.6958815134531
15160,47.23926837207391,74.31413938639837,121.55340775847228,364.81330469683036
15180,47.50469015466203,80.88700453760715,128.3916946922692,397.0799591577174
15200,47.721207246948204,76.0632484034814,123.7844556504296,373.3998031218377
15220,46.39032041103585,73.022762478497,119.41308288953286,358.47384519059676
15240,45.95939057842329,66.04606220155804,112.00545277998134,324.22473587001923
15260,46.31165824658522,61.31791339150154,107.62957163808676,301.0139228708068
15280,46.69593104516081,61.860936112113,108.55686715727381,303.6796593627777
15300,44.89111324087967,63.410368731360684,108.30148197224035,311.28593239372486
15320,44.00130843952658,54.73640207629649,98.73771051582307,268.7048237865081
15340,41.21370106613398,48.900799314374524,90.1145003805085,240.05744192818628
15360,37.972539992520936,57.27055194902062,95.24309194154156,281.14514264505823
15380,34.604192379921145,69.07381934511486,103.678011725036,339.0882073235091
15400,33.28629738351215,82.41033706178182,115.69663444529397,404.55810499759286
15420,34.64139009713571,75.27656580306457,109.91795590020028,369.5379232484352
15440,39.4290208528892,62.49182167999193,101.92084253288112,306.7767207134683
15460,43.262454982682655,55.84067997625996,99.10313495894262,274.1258011848292
15480,44.80407743343003,68.62481161489836,113.42888904832839,336.8839969908966
15500,45.3033908479882,72.008782517354,117.3121733653422,353.4961466856384
15520,43.81142092781475,73.13637797329307,116.94779890110782,359.0315915961066
15540,43.22148233606452,76.15615308656513,119.37763542262965,373.85587870499637
15560,45.861772038325995,87.68346666020477,133.54523869853077,430.44426678025144
15580,49.41237709621598,76.07031597556144,125.48269307177742,373.43449832719153
15600,51.09840790039964,77.12646105533067,128.2248689557303,378.6191883467657
15620,50.34326675057953,75.35147837654456,125.6947451271241,369.9056743079272
15640,49.15928937023786,75.44233875885242,124.60162812909027,370.35171427568343
15660,46.541365006585494,86.2984585746714,132.8398235812569,423.64516527834076
15680,43.49537475161478,87.07269571674124,130.568070468356,427.44594952679864
15700,43.57472973287768,88.71650868656486,132.29123841944255,435.51554229577084
15720,45.45441524668469,79.29476222237835,124.74917746906304,389.2635303368641
15740,47.4786689295373,60.39740517790847,107.87607410744576,296.49508370810867
15760,50.97952617378037,51.64839557709138,102.62792175087175,253.5455840347994
15780,52.51782253304909,39.45432541956586,91.97214795261496,193.68404128394442
15800,52.745795788301116,36.93214749596546,89.67794328426658,181.30249356046417
15820,52.754421358265304,41.80096063933691,94.55538199760221,205.20383760414958
15840,51.611384617459294,52.78762999531081,104.3990146127701,259.1381654246482
15860,47.77652062272413,55.36500508795001,103.14152571067413,271.7906799091408
15880,40.325784548424245,66.27936344864018,106.60514799706442,325.3700279993594
15900,34.727815122305465,71.15235247994465,105.88016760225011,349.2918717687964
15920,32.54985822749015,75.40623038895109,107.95608861644124,370.17445576391594
15940,32.70933455416379,81.83885047663364,114.54818503079743,401.752637405029
15960,32.746944901389206,77.73947795514009,110.48642285652929,381.62853115690956
15980,32.509157584762136,70.77296280224307,103.28212038700521,347.4294213221791
16000,32.48049588708956,69.93841423406488,102.41891012115444,343.33256406727537
16020,32.47747502321827,67.37101187374904,99.8484868969673,330.7290064228375
16040,32.51962062815205,55.13172139876105,87.6513420269131,270.64547397272554
16060,33.273528035952744,53.690678259294856,86.9642062952476,263.57129247429083
16080,32.828906620349684,59.463249052346775,92.29215567269645,291.9092459915876
16100,32.12361169448695,50.37541653907103,82.49902823355798,247.29644095779577
16120,30.958179910058433,49.629843777051754,80.5880236871102,243.63637215460403
16140,30.391847539112398,47.52130585309865,77.91315339221106,233.28541210221982
16160,30.12787964646216,55.806560892816066,85.93444053927823,273.9583082193293
16180,30.58960297350762,55.69783909665242,86.28744207016004,273.4245853224684
16200,32.37238323178605,54.493511618816,86.86589485060205,267.5124575530507
16220,32.82063429632565,54.655478106988454,87.4761124033141,268.3075623647085
16240,33.62274275067863,49.82331486857556,83.44605761925419,244.58613526623904
16260,34.729657987996184,46.97366760348236,81.70332559147855,230.59701765574556
16280,35.20841815152225,49.343012244749254,84.55143039627151,242.228296113429
16300,34.3933615079877,52.10646866398675,86.49983017197445,255.79429683700354
16320,33.03874986204027,53.978830223252444,87.0175800852927,264.98585060675697
16340,31.352307322190356,68.31956607570892,99.67187339789928,335.3855253028016
16360,30.066169134121548,70.97332660657251,101.03949574069406,348.41302124276746
16380,30.4038622768404,76.88964767717218,107.29350995401258,377.4566549204791
16400,31.305472624099668,69.81923266773958,101.12470529183925,342.7474934275684
16420,32.28430408195422,73.22049611306205,105.50480019501627,359.44453342396673
16440,34.20411297356864,65.63678336320226,99.8408963367709,322.21555744454207
16460,36.71673052322905,60.709892149212465,97.42662267244151,298.02910409261955
16480,38.97398590377005,55.600997294193284,94.57498319796333,272.949182145097
16500,39.95529908993497,46.23410251863829,86.18940160857326,226.9664409597347
16520,40.07358520821886,41.29230686415423,81.36589207237309,202.70682066762734
16540,38.957382137208995,35.9154559429138,74.87283808012279,176.31148366128994
16560,35.418520733929654,52.075390656091265,87.49391139002091,255.6417327239376
16580,32.39400394609859,45.45059796987981,77.8446019159784,223.1201623640642
16600,29.915101866125276,50.758577244526094,80.67367911065136,249.1774036432442
16620,28.62617165002348,47.050685308601274,75.67685695862475,230.97510295359854
16640,27.71234086814941,49.53545779714962,77.24779866529903,243.17302478182333
16660,27.099980093859322,47.99606525520669,75.096045349066,235.61603919215182
16680,25.3231759789862,63.412361945018944,88.73553792400514,311.295717218896
16700,23.92962409936058,52.24685857369565,76.17648267305623,256.48348071681266
16720,23.392747364634154,62.279497208903734,85.67224457353788,305.7344050437282
16740,23.382708460207986,68.81939046220225,92.20209892241024,337.8391981530865
16760,23.97443879383752,72.25779899306538,96.2322377869029,354.71858597079085
16780,26.787236498939894,69.40382031435993,96.19105681329982,340.7082051481154
16800,29.279903254080285,65.7659610218874,95.04586427596769,322.8496996003558
16820,30.97055999338088,57.244433655191415,88.21499364857229,281.0169261150204
16840,31.17301211397484,61.41343739790194,92.58644951187678,301.4828568952139
16860,30.309734649271952,65.81834665820067,96.12808130747263,323.10686435069647
16880,29.82643773943424,70.23227817767682,100.05871591711106,344.7751627071236
16900,28.058481755960162,76.55873157071285,104.61721332667301,375.83216462332126
16920,26.665345388550012,78.28264125165762,104.94798664020763,384.2949577458294
16940,27.078741760619383,78.58071196958974,105.65945373020912,385.75820773486276
16960,27.972565800479384,74.32547261919552,102.29803841967491,364.86894032880787
16980,30.24990334512825,68.30450189729574,98.55440524242398,335.31157419800735
17000,33.54827005199552,73.1714166514579,106.71968670345342,359.2035989163698
17020,38.49087562784367,60.13212339210968,98.62299901995335,295.19279687881595
17040,42.345127236216804,63.02240539323585,105.36753262945265,309.38139324880353
17060,45.40620443810985,68.11327218271867,113.51947662082853,334.3728141624729
17080,48.39248411855979,66.59082923212172,114.98331335068151,326.8990353014702
17100,50.82560253217647,65.41888966831527,116.24449220049175,321.1459020658932
17120,50.81065437480528,70.70210385557527,121.51275823038056,347.0815698000508
17140,50.26786174478072,69.31063229172477,119.57849403650549,340.2507386312937
17160,48.26146194483323,64.75691739868164,113.01837934351487,317.89623392337404
17180,45.055209472865265,62.34736903445706,107.40257850732232,306.06759257951023
17200,42.58203178777375,72.19534392574302,114.77737571351676,354.41198967978806
17220,41.70440382700553,70.6500372636487,112.35444109065423,346.8259712609051
17240,40.95391457129123,62.11710000174898,103.0710145730402,304.9371858024797
17260,40.72533325261852,51.48270882563137,92.20804207824989,252.7322161906221
17280,40.42976912535543,58.80911110594837,99.2388802313038,288.6980370894379
17300,38.41258969912981,61.0637207341566,99.47631043328641,299.7660733482078
17320,35.4637685324367,54.50833954896353,89.97210808140022,267.5852488985954
17340,32.3986315704264,42.89558595589166,75.29421752631806,210.57742979581593
17360,29.460603508732063,47.474603764363806,76.93520727309587,233.05614828421315
17380,26.794563137095235,35.7052769797941,62.49984011688933,175.27970044013506
17400,25.387523858136174,35.4899918777041,60.87751573584028,174.22285082586336
17420,23.812717106059182,37.63151954819204,61.44423665425122,184.7357598499219
17440,22.779889910017406,53.280455227219015,76.06034513723642,261.5574789358442
17460,22.39175768547738,63.427266539758904,85.81902422523629,311.36888491628366
17480,23.14707292414923,74.64641772163411,97.79349064578334,366.44448227026936
17500,25.955307471020667,68.08394992861447,94.03925739963515,334.2288691674929
17520,29.810593371893233,66.15716267520793,95.96775604710116,324.7701358609262
17540,32.660931776928145,70.7236502507369,103.38458202766503,347.1873425599605
17560,35.107899750655676,75.31375825522261,110.42165800587829,369.72050359577673
17580,37.489266320401775,65.61996014053454,103.10922646093633,322.13297106854776
17600,37.67122798655713,55.663965268535755,93.33519325509289,273.25829633251294
17620,35.879117300098656,56.661677807354195,92.54079510745285,278.1561369242112
17640,33.161542735533686,56.581465138197984,89.74300787373167,277.7623673245758
17660,30.199200441299404,60.38465410854322,90.58385454984261,296.4324878173137
17680,26.061839498393,65.28934486043167,91.35118435882467,320.5099575490012
17700,23.766135688666925,71.97662094132794,95.74275662999486,353.3382632608796
17720,23.875283493382288,72.90357454486016,96.77885803824245,357.88874329331236
17740,25.247073390094375,66.29567571833357,91.54274910842794,325.4501060714878
17760,28.266095355078935,62.44761006460641,90.71370541968534,306.5596828032139
17780,32.44926075960136,61.91810829273638,94.36736905233774,303.9603215937091
17800,34.713467885491056,52.26419063163695,86.977658517128,256.5685650007319
17820,36.33485592731713,61.65205308136513,97.98690900868226,302.6542379642199
17840,35.88347252978043,59.71381735136843,95.59728988114885,293.13930328584036
17860,32.92474253432427,63.65746222022801,96.58220475455228,312.4989316020459
17880,30.129311422408012,63.847415662640294,93.97672708504831,313.43142632831393
17900,27.183398237357732,68.08847642554099,95.27187466289872,334.25109005730064
17920,26.226127218081963,67.70265014868113,93.92877736676309,332.35704189550654
17940,26.473057665165594,71.70160331449908,98.17466097966468,351.9881825074493
17960,27.78416392171073,65.28230598283703,93.06646990454776,320.4754032068819
17980,29.911542390116495,57.8377981828084,87.7493405729249,283.9297940563996
18000,33.60727548861575,55.86892632087003,89.47620180948579,274.2644644648979
18020,37.45303475020987,46.04310510760366,83.49613985781353,226.02882131852772
18040,41.22788036444385,45.19283824112833,86.42071860557218,221.8548018385974
18060,43.771786882304184,39.28294691333916,83.05473379564334,192.8427322177721
18080,44.49974860091533,44.96652954058629,89.46627814150162,220.74383660899136
18100,45.10424006592669,39.05469401013984,84.15893407606653,191.72222276142455
18120,42.46421727670001,46.863784741226695,89.3280020179267,230.05759500428206
18140,37.969437778810146,49.388244756147664,87.3576825349578,242.45034567356979
18160,32.585267381391716,52.4220812666509,85.00734864804261,257.3436611643384
18180,29.20960851042747,49.408021275205556,78.61762978563303,242.54742998797457
18200,27.792002497443153,55.77332402021834,83.56532651766149,273.7951460885386
18220,26.65659262570676,66.20674814483645,92.86334077054322,325.013554397284
18240,26.035281517748558,61.28332095663185,87.31860247438041,300.8441061900712
18260,25.38533720356098,55.94666544383286,81.33200264739384,274.64609125337273
18280,24.017434294622145,54.97371650623901,78.99115080086115,269.86981691102534
18300,23.07359180065167,70.97504653346955,94.04863833412122,348.4214644841254
18320,22.92818917617336,66.39371414816897,89.32190332434233,325.9313835762918
18340,23.791976095547945,55.77068819058561,79.56266428613355,273.7822066166309
18360,24.42587639021128,56.37530004609022,80.80117643630149,276.75028847678215
18380,25.16270797204849,62.67510420308772,87.83781217513621,307.6764674305242
18400,26.203915460610066,70.74614065888777,96.95005611949783,347.2977495456196
18420,26.180630478316164,69.76366510904998,95.94429558736614,342.4747083978705
18440,26.197397141332196,70.22564172929785,96.42303887063005,344.7425839181533
18460,26.82527641047897,65.22341611263188,92.04869252311084,320.1863087177295
18480,27.219256970091458,65.7560622907212,92.97531926081265,322.8011060371541
18500,28.533811346593055,65.84664012984966,94.38045147644272,323.24575898069344
18520,29.965343915226217,63.262196714363874,93.2275406295901,310.5585456052816
18540,31.448945482210853,62.794584617074314,94.24353009928517,308.26300513428953
18560,33.23323431821297,55.24453430687741,88.47776862509039,271.19928042412505
18580,34.50027293589351,50.925237498107556,85.42551043400107,249.99555047738212
18600,33.75400047103379,39.39200059510728,73.14600106614107,193.37808436426366
18620,32.6824438022738,28.477687601601712,61.16013140387551,139.79895898472543
18640,32.38915892358726,36.69234360558524,69.0815025291725,180.1252795006486
18660,32.030838862828816,43.26434429662625,75.29518315945506,212.38769026614747
18680,31.732066373066157,48.123428901313666,79.85549527437982,236.24127623342244
18700,31.1236687439502,51.02668220571831,82.1503509496685,250.4935496378791
18720,30.50416983456939,49.45954110077827,79.96371093534765,242.80034441287103
18740,30.520165589884517,52.8126825853095,83.33284817519402,259.261150340091
18760,31.0106228739973,55.674347867017865,86.68497074101516,273.30926523419
18780,32.979771834589634,61.55147704033478,94.53124887492442,302.1605031486846
18800,36.41521231106345,37.371538688954374,73.78675100001783,183.45949563964464
18820,38.03795181779294,39.714981993517725,77.75293381131067,194.9636226249851
18840,39.73256641670784,43.786463824610536,83.51903024131838,214.95081152440912
18860,40.42972161208692,43.30538408065619,83.7351056927431,212.58915743457095
18880,40.39776074978225,38.294524413523995,78.69228516330625,187.99049707690102
18900,39.34068263404342,45.7621639593928,85.10284659343623,224.64966158458773
18920,37.26325127356202,47.208283391701755,84.47153466526377,231.74876295941297
18940,34.65790816288095,64.29022247669755,98.9481306395785,315.60519593006575
18960,31.912286769279916,78.05620009905486,109.96848686833478,383.18334229979905
18980,29.939972165759578,80.0005004556261,109.94047262138568,392.72804865394136
19000,28.87904817436678,79.8783802262131,108.75742840057987,392.1285519117286
19020,28.141126470613855,81.50485791133485,109.64598438194871,400.1130445563884
19040,28.367906262801455,84.65124005462127,113.01914631742272,415.5588544252638
19060,29.314103114761153,91.2052702428302,120.51937335759135,447.73304673624824
19080,30.262363384479457,79.76245554175406,110.02481892623352,391.55946953275435
19100,30.102812723678188,70.9231575182985,101.02597024197668,348.1667376816848
19120,30.262269286028307,60.12620348625021,90.38847277227852,295.1637356471591
19140,30.591472140559514,66.14220075486608,96.7336728954256,324.6966867481519
19160,31.639663529841762,58.026201412069604,89.66586494191137,284.85467867795137
19180,32.65977795403923,56.36069483916985,89.02047279320908,276.67859049512754
19200,32.29974695306256,63.186459781441016,95.48620673450358,310.1867477076631
19220,31.479001700627546,74.2917716777358,105.77077337836334,364.70350005153585
19240,30.30609656869132,70.70666274589396,101.01275931458528,347.10394971128494
19260,28.829647371757282,68.57753883697312,97.4071862087304,336.651931619764
19280,28.23738697554716,63.93415399848691,92.17154097403407,313.85723088186705
19300,28.043104016778628,57.125380463793235,85.16848448057186,280.4324856768038
19320,28.670899251438893,63.34771518300484,92.01861443444373,310.9783617454552
19340,31.57722187412876,69.13122974711094,100.7084516212397,339.37003899981045
19360,34.392731088260646,66.88757371697817,101.28030480523881,328.3557747196334
19380,36.672389508898405,61.72874501637234,98.40113452527075,303.03072403382373
19400,37.99570604631738,57.2765300213244,95.27223606764178,281.17448941985595
19420,38.89950053868032,51.280674359508076,90.1801748981884,251.7404148745109
19440,39.18349864698983,49.80889697497639,88.99239562196622,244.51535681877118
19460,38.96423437884718,54.122889131631815,93.08712351047899,265.693045857497
19480,40.22959538734717,55.5198553037466,95.74945069109377,272.5508504422885
19500,41.85117457394134,63.685888043408056,105.53706261734939,312.6384759549599
19520,43.63609366468142,67.2627232830122,110.89881694769363,330.1974101616972
19540,44.85230089235734,57.36455103610474,102.21685192846209,281.60659073395215
19560,45.951396488797265,56.96178266444372,102.91317915324097,279.62937264455155
19580,47.028638113364764,65.38056714451811,112.40920525788287,320.9577741178849
19600,46.21322052954761,84.31201024682038,130.525230776368,413.89355158710475
19620,44.738847746510665,76.90234536802764,121.64119311453831,377.51898877243843
19640,42.053822608776805,82.26434625520614,124.31816886398295,403.8414259235703
19660,39.98348652006021,83.77843183068873,123.76191835074894,411.2741778459683
19680,39.04559100082798,69.98462098077829,109.03021198160627,343.5593962166751
19700,37.86452641352561,78.60450510602327,116.46903151954888,385.8750099047202
19720,37.09665524624623,80.89410072131093,117.99075596755716,397.11479481953205
19740,37.09675395388043,80.9150730796826,118.01182703356304,397.2177495927155
19760,37.21193379939887,86.83575058682808,124.04768438622696,426.28276932193904
19780,36.16336524557606,85.81793998764758,121.98130523322364,421.2862659470986
19800,35.83487087706377,72.68700407103047,108.52187494809425,356.8255836993249
19820,35.953283566651336,66.33023340531544,102.28351697196678,325.6197521724133
19840,36.30779525812797,63.88403107776332,100.19182633589128,313.61117396051645
19860,37.13372072315756,61.69417582736332,98.82789655052088,302.86102146864295
19880,37.74897807126982,55.87720545109145,93.62618352236126,274.3051072938539
19900,38.15867501772907,62.92672947134442,101.08540448907348,308.9117134606324
19920,39.01578354853952,60.61744773107572,99.63323127961525,297.57528798225746
19940,41.21301970451708,44.72947280316231,85.94249250767939,219.58010851505986
19960,41.0188230776203,41.12578001955463,82.14460309717492,201.88932874750654
19980,37.81275984334737,43.16478203723309,80.97754188058046,211.898932175531
20000,34.14155639525198,54.00672703749283,88.14828343274482,265.12279801780926
