#"Step","Potential Energy (kJ/mole)","Kinetic Energy (kJ/mole)","Total Energy (kJ/mole)","Temperature (K)"
5000,-100.85361541344443,186.72149075739057,85.86787534394614,311.908428017983
10000,-145.36200806299982,157.84751779620848,12.485509733208659,263.6759750720192
15000,-126.61465119428127,162.80064397764406,36.18599278336279,271.94991180399194
20000,-166.46223397498463,162.26498907695128,-4.197244898033347,271.05512846996055
25000,-130.50000940684782,158.67220828739633,28.172198880548507,265.0535771555522
30000,-156.43954422608073,167.11748022257257,10.67793599649184,279.1609596684082
35000,-85.22442987485124,229.27873558794366,144.05430571309242,382.9980668272685
40000,-117.9776836404156,175.59065402435405,57.612970383938446,293.3149507816792
45000,-133.66289888495473,211.72955553793088,78.06665665297615,353.6830847103138
50000,-126.54355789243277,191.26141025223006,64.71785235979729,319.4921247163103
55000,-113.87489706235785,174.8808309404358,61.005933878077954,292.12922865950804
60000,-132.28177950509823,182.3362999783325,50.05452047323428,304.58319750002335
65000,-86.1495033999914,174.13595690084796,87.98645350085656,290.8849557597103
70000,-160.03500736517677,168.10414679900063,8.069139433823864,280.8091342817495
75000,-130.424188036533,161.61286015743585,31.18867212090285,269.965781414482
80000,-166.98639635007274,186.36559349251854,19.379197142445804,311.3139203586243
85000,-157.76350047920187,226.16470110010934,68.40120062090747,377.7962360259271
90000,-106.8969637996171,147.6405893214898,40.743625521872715,246.62583797999045
95000,-133.22525637991725,172.40890221219158,39.18364583227432,288.0000017522479
100000,-167.62570394560447,174.79091057203064,7.165206626426169,291.97902141425584
105000,-202.06616342631435,172.32965969869338,-29.73650372762097,287.8676313019202
110000,-137.1573123259252,193.45565340913566,56.29834108321046,323.1574924840136
115000,-178.64105468935873,225.16321448856513,46.522159799206406,376.12330532351706
120000,-152.27284726332653,177.11957361584692,24.846726352520392,295.8689305320233
125000,-161.56874841688295,174.127205477684,12.558457060801032,290.8703369676746
130000,-120.51656936223108,202.847388689424,82.33081932719293,338.84589222714715
135000,-143.8445711868572,160.03695788105495,16.19238669419775,267.3333195605083
140000,-81.54661582476518,186.93114270584792,105.38452688108273,312.2586405693556
145000,-118.73430121348596,170.11788800641406,51.3835867929281,284.1729830379457
150000,-172.8018296812699,192.82757589637743,20.025746215107517,322.10832203832337
155000,-124.04097245343384,237.93636398614888,113.89539153271504,397.46017964082074
160000,-212.15415886446442,166.9245270935564,-45.229631770908014,278.83864161648785
165000,-228.47919807664073,192.2704188193086,-36.20877925733214,321.17762044975564
170000,-209.04346619778732,147.54070038986274,-61.50276580792459,246.45897877426205
175000,-224.08896720877183,183.7974082549727,-40.291558953799125,307.02390201605056
180000,-177.41819560761377,141.01422763467556,-36.403967972938204,235.55684935511778
185000,-184.16962066275067,189.9408332052149,5.7712125424642124,317.28617022687064
190000,-173.80279473048762,178.9962088203875,5.193414089899875,299.0037509227409
195000,-143.43060704829708,234.9516829440467,91.52107589574962,392.4744269660697
200000,-177.01149822593183,176.932092162649,-0.07940606328281774,295.55575262672545
205000,-159.94661501027468,168.5383360429814,8.591721032706715,281.5344245737401
210000,-183.6840108900089,175.99036249515026,-7.693648394858627,293.9826427558907
215000,-130.94893985994577,158.84253717274922,27.89359731280345,265.3381025985582
220000,-176.60506585828375,165.7434886953479,-10.861577162935845,276.8657790995925
225000,-141.7586849335504,204.79030475409058,63.031619820540186,342.09143130806865
230000,-160.53258850762336,209.47048781682128,48.93789930919792,349.90943091813733
235000,-84.27859822108849,166.4431612654891,82.16456304440061,278.03454532245644
240000,-90.01219018354098,175.368986246745,85.35679606320403,292.9446664197891
245000,-179.97075562558067,151.94715005298363,-28.023605572597035,253.8197211397469
250000,-176.50253282653227,213.03730120537563,36.53476837884335,355.8676050551626
255000,-141.12675047448684,168.14914142161246,27.022390947125615,280.8842954319266
260000,-173.17708019165946,173.686856732876,0.5097765412165529,290.13475755356626
265000,-186.40773726644136,176.45744244143424,-9.95029482500712,294.7628752358973
270000,-170.40922053446684,185.73566386561208,15.326443331145242,310.26165605367805
275000,-196.88049756507215,194.45062011980175,-2.4298774452703924,324.8195320349794
280000,-220.93223302539758,151.03516489472727,-69.8970681306703,252.2962979069222
285000,-182.9685707647825,138.00583745031014,-44.96273331447236,230.53149180541104
290000,-178.84553075574564,193.98535477727614,15.1398240215305,324.0423307550958
295000,-170.11566073291328,145.09719630254548,-25.0184644303678,242.37723373442137
300000,-172.4356965180213,158.08837472980773,-14.347321788213577,264.0783139095651
305000,-158.84272701747517,202.50040439670977,43.6576773792346,338.26627321892033
310000,-135.99954012890456,170.40563388393215,34.4060937550276,284.65364738976336
315000,-213.56956284363332,203.03396525181884,-10.53559759181448,339.1575585599593
320000,-227.48187762576856,149.81869096899482,-77.66318665677375,250.26424220534756
325000,-214.65300004750407,195.85968124400634,-18.793318803497726,327.17329452074995
330000,-170.47878212736777,205.92061109851187,35.441828971144105,343.9795485978201
335000,-215.8360689822414,177.22560161860355,-38.61046736363784,296.04604473313407
340000,-204.36711072429546,177.57067939268356,-26.7964313316119,296.6224790022729
345000,-192.80775816363519,171.15549893220006,-21.652259231435124,285.90625750701423
350000,-224.2261836579338,180.748182686967,-43.478000970966804,301.9303311060762
355000,-198.09679410704663,157.25771354759854,-40.83908055944809,262.690738100763
360000,-174.09522480940439,168.1980584552788,-5.897166354125574,280.9660087634359
365000,-207.8406760582259,169.23354954084252,-38.60712651738339,282.69574215092507
370000,-184.16520033556878,150.30852000531578,-33.856680330253,251.08247584356835
375000,-201.2851974950072,181.73313920989042,-19.55205828511677,303.57564916499354
380000,-192.50760963587658,175.27245656016385,-17.23515307571273,292.78341865620024
385000,-126.52279759954679,183.9065417626534,57.38374416310661,307.2062037997751
390000,-218.99721861869892,193.22653151315026,-25.77068710554866,322.77475640949194
395000,-193.07416448165316,156.30115956192134,-36.77300491973182,261.09286498622913
400000,-197.79665080494135,200.22392059895853,2.427269794017178,334.4635267868689
405000,-195.32968615911125,149.164502912471,-46.165183246640254,249.17145546981527
410000,-186.8589152234571,172.30332823401176,-14.555586989445345,287.8236459753092
415000,-159.93547979385656,194.43968851508984,34.50420872123328,324.80127136435397
420000,-188.36153357707587,174.96187579698892,-13.399657780086955,292.26460982909856
425000,-169.30004090696218,190.54560054777033,21.245559640808153,318.2964022594446
430000,-172.45036101978474,174.48753668858097,2.0371756687962375,291.4722513006247
435000,-224.49371164021773,156.23409383067093,-68.2596178095468,260.98083521009926
440000,-169.4729546039364,149.44291057003474,-20.030044033901646,249.63652081642664
445000,-191.34751956683638,189.71329692406331,-1.634222642773068,316.9060828385193
450000,-174.24053789935795,150.00444458840724,-24.236093310950707,250.57453385519761
455000,-186.8321938465141,188.96640033286448,2.1342064863503936,315.65843137264966
460000,-169.39304188067754,165.7714384855267,-3.6216033951508564,276.91246775381614
465000,-158.85373611792883,184.5970948495693,25.743358731640456,308.35973640563225
470000,-164.4088735026995,200.4253860042775,36.016512501578006,334.80006414857354
475000,-193.61613311587632,179.95202504912422,-13.664108066752107,300.60039165311457
480000,-167.11248817375906,197.44188595198185,30.329397778222784,329.8162842551695
485000,-156.3921838166736,168.23731844788742,11.845134631213824,281.03159051585703
490000,-201.16859495901588,185.9252375529584,-15.24335740605747,310.578328926061
495000,-180.65441712054533,241.819123426426,61.16470630588066,403.94612503723135
500000,-172.07791266754063,162.8880038927843,-9.189908774756333,272.0958419467551
505000,-186.96318433768778,138.126061321491,-48.837123016196784,230.73231945796542
510000,-209.72842358667998,205.52865584570307,-4.19976774097691,343.3248079664065
515000,-126.40288837122142,174.61962054989186,48.21673217867044,291.6928904428087
520000,-186.0635089195539,182.78997684103246,-3.2735320785214412,305.3410408339582
525000,-200.81665803867674,156.7864996544168,-44.03015838425995,261.90360007992575
530000,-198.16092457270958,141.33475830397413,-56.82616626873545,236.09227897699438
535000,-175.54880723183783,137.8110287320001,-37.73777849983773,230.20607408918664
540000,-200.3495327093705,163.07498340759065,-37.27454930177984,272.4081813903738
545000,-185.1545725865122,152.78346821006775,-32.371104376444436,255.21674662749828
550000,-166.5194370215135,195.41783213329273,28.898395111779223,326.43520882432153
555000,-196.87429261422054,192.4476616306754,-4.426630983545124,321.4736952424679
560000,-180.54154326045693,166.6125602599668,-13.92898300049012,278.3175174316713
565000,-232.2110520323387,143.9632597690895,-88.24779226324921,240.4830524048498
570000,-229.00168003857112,187.7282362105934,-41.27344382797773,313.59014333874774
575000,-204.37332680572194,189.7368343662369,-14.636492439485039,316.9454008975073
580000,-183.9380114715502,149.07466862680357,-34.863342844746626,249.02139202124818
585000,-212.33155387127596,191.04463491771415,-21.28691895356181,319.1300129232453
590000,-208.9543043573453,191.04927877727428,-17.905025580071026,319.137770246355
595000,-207.54769711518802,164.074279417881,-43.47341769730701,274.07745280862355
600000,-220.934471121812,166.9283605645315,-54.00611055728052,278.84504522809596
605000,-233.3839797307506,130.52819907397125,-102.85578065677936,218.04049025122336
610000,-189.72812794292653,140.6443865295819,-49.083741413344626,234.93904924417026
615000,-174.65381809834543,214.13962043208699,39.48580233374156,357.7089713370132
620000,-164.99610655295072,167.34693936044496,2.3508328074942426,279.54425908776176
625000,-183.2891455626841,177.96785745618465,-5.321288106499452,297.28594406420734
630000,-146.7421424680196,153.12953174128876,6.38738927326915,255.79482755208633
635000,-172.42307624759135,180.35195240124625,7.9288761536548975,301.2684492570669
640000,-193.68382104761253,176.47647575209635,-17.207345295516177,294.7946693801306
645000,-182.15235488629156,170.57991429980723,-11.572440586484333,284.9447736566404
650000,-188.27267271067709,186.4572735870344,-1.8153991236426918,311.4670671337758
655000,-200.05870558851626,151.36658355854715,-48.69212202996911,252.84991535089486
660000,-195.30315687036875,123.87885623200745,-71.4243006383613,206.93311281557342
665000,-205.35847578133496,170.14799669274575,-35.21047908858921,284.22327801462626
670000,-185.0577102235019,178.81533522585337,-6.24237499764854,298.7016110977413
675000,-194.76520046885997,187.8483457742296,-6.916854694630359,313.7907800465618
680000,-228.3305109960591,168.0206657212792,-60.30984527477992,280.6696835328521
685000,-175.1543588734365,173.22140692783464,-1.9329519456018716,289.35724813875356
690000,-191.4465091136777,153.89419243345725,-37.55231668022046,257.07215301416346
695000,-177.08558588457407,212.249734252606,35.16414836803193,354.5520158897115
700000,-209.45025859323977,187.70383547016613,-21.74642312307364,313.54938318543986
705000,-172.3006368731727,177.62931797706418,5.328681103891483,296.7204316728582
710000,-214.0992694399579,156.89617686566095,-57.20309257429696,262.08681009185204
715000,-218.44073514786768,195.99388905951673,-22.446846088350952,327.3974816166958
720000,-230.28973237874442,160.69165166043166,-69.59808071831276,268.4269510794633
725000,-242.56956277087014,199.44791486100718,-43.12164790986296,333.16725002260597
730000,-256.7869701707952,183.20968939783302,-73.57728077296218,306.0421485815456
735000,-187.1503593636882,193.18403629548092,6.033676931792712,322.7037703837926
740000,-199.71849620041462,179.7247133318375,-19.993782868577114,300.22067938688656
745000,-197.12462191134944,157.38443484120975,-39.74018707013968,262.902419355697
750000,-241.15353250991708,171.56824207613752,-69.58529043377956,286.59572321703257
755000,-160.49008317177996,193.50489811971676,33.0148149479368,323.2397531825718
760000,-228.5141497847256,181.5011396374967,-47.0130101472289,303.188106083409
765000,-176.2821693532094,158.56985777203406,-17.712311581175356,264.8826060036833
770000,-184.91955867278634,215.16827065065232,30.24871197786598,359.4272774160384
775000,-200.64737295738462,169.89184304512438,-30.755529912260243,283.7953868209743
780000,-229.00986900914782,148.58680921976392,-80.4230597893839,248.20644854513145
785000,-176.1624155085737,150.89545142499728,-25.266964083576426,252.0629139052218
790000,-189.8247912607487,196.54143436932935,6.716643108580655,328.31212725367914
795000,-239.74616800055725,209.08156837808707,-30.664599622470178,349.25976145443946
800000,-177.55629556727132,151.06405507179366,-26.49224049547766,252.3445574279735
805000,-189.7236440668866,192.0845236919997,2.3608796251130855,320.8670924184084
810000,-218.29739714022708,163.8371794821291,-54.460217658097974,273.6813898383486
815000,-195.97920189059226,226.08962795500747,30.110426064415208,377.6708302861801
820000,-194.37109266205408,192.33472793332646,-2.0363647287276194,321.28504544180765
825000,-196.05173007123014,159.27022847435643,-36.78150159687371,266.0525384196314
830000,-196.17245549362357,194.43269177997468,-1.7397637136488981,324.7895836864002
835000,-207.98592497751835,189.83025881913136,-18.155666158386992,317.1014615315701
840000,-221.94481139929738,155.85179270074096,-66.09301869855642,260.34222128310955
845000,-189.54848966620722,223.48330500577615,33.93481533956893,373.3171049024309
850000,-192.77058414766236,176.75279883105088,-16.01778531661148,295.25625254783233
855000,-199.53911055754497,189.47936090380335,-10.05974965374162,316.5153050226391
860000,-151.3894347893161,184.00750777024888,32.618072980932766,307.3748622042503
865000,-154.0117220006252,162.1199547756263,8.108232775001085,270.81285629897764
870000,-197.95066230347902,254.13318363213386,56.18252132865484,424.5161148423771
875000,-161.82809207970624,156.00691062462272,-5.821181455083519,260.6013376151349
880000,-177.17748803540456,204.5034475824783,27.325959547073722,341.6122514927172
885000,-177.0068962515981,184.07848652059445,7.071590268996346,307.49342847293826
890000,-180.6069212498884,190.67950410341342,10.072582853525034,318.5200811052874
895000,-197.1394619361436,194.95748972399943,-2.18197221214416,325.6662310454367
900000,-231.77084295941756,193.65525791296517,-38.115585046452395,323.4909213076708
905000,-152.31089922236754,151.95717808515906,-0.3537211372084812,253.83647243998158
910000,-179.13134657669661,189.00120310837914,9.86985653168253,315.71656757838264
915000,-224.80258408823275,162.44432157713112,-62.35826251110163,271.35469397790894
920000,-180.23956214289387,181.58061619788174,1.3410540549878647,303.32086749674943
925000,-153.02209747996858,158.0465253098057,5.024427829837123,264.0084066548975
930000,-179.48015968929553,173.71060194744788,-5.769557741847649,290.17442268541595
935000,-154.41828217889235,150.27157515411324,-4.1467070247791185,251.02076141308044
940000,-178.395932275763,221.40007203793724,43.00413976217425,369.83717381598655
945000,-197.05783752699915,158.82679793922014,-38.23103958777901,265.3118110368941
950000,-153.75954672643542,185.40496666986382,31.645419943428408,309.7092437841669
955000,-190.310037420195,201.73699584356464,11.426958423369655,336.9910393892142
960000,-175.2616521206784,182.47090448469035,7.209252364011945,304.8080472471623
965000,-173.40010320150674,148.40423290748674,-24.995870294019994,247.9014644197118
970000,-186.10585648053572,136.2607168033758,-49.84513967715992,227.61635956498642
975000,-157.70814962088704,193.00008220357066,35.291932582683614,322.39648474997256
980000,-138.083943964399,167.87788636313692,29.793942398737926,280.43117812583694
985000,-180.96387839527154,164.00048868983043,-16.963389705441102,273.95418927910055
990000,-181.56426004459024,155.5667446936175,-25.997515350972748,259.8660635818674
995000,-204.37723831608108,186.6479921648193,-17.729246151261776,311.78565248541065
